 -5.0000000000000000 3.8571430000000002 3207.3614329999350 .0000000000000000 3916666.0931709171
 -4.9000000000000004 3.8571709585210665 3207.3674591545760 .0000000000000000 3916687.5568361608
 -4.7999999999999998 3.8571741748851203 3207.3681814515512 .0000000000000000 3916690.0548934452
 -4.7000000000000002 3.8571485158366983 3207.3634608147522 .0000000000000000 3916669.5370108532
 -4.5999999999999996 3.8571760134786088 3207.3706214840686 .0000000000000000 3916689.8957635998
 -4.5000000000000000 3.8576458771387823 3207.4705358694805 .0000000000000000 3917055.7488231580
 -4.4000000000000004 3.8586600229650796 3207.6926602337244 .0000000000000000 3917840.7951533832
 -4.2999999999999998 3.8579863052460048 3207.5487228295156 .0000000000000000 3917318.1355864471
 -4.2000000000000002 3.8518577199248267 3206.1933486188609 .0000000000000000 3912583.1059039054
 -4.0999999999999996 3.8421614779053788 3204.0612316040947 .0000000000000000 3905073.7574705062
 -4.0000000000000000 3.8400733479486178 3203.5874646315710 .0000000000000000 3903445.9760222924
 -3.8999999999999999 3.8534437306605827 3206.4973492068248 .0000000000000000 3913798.3446255568
 -3.7999999999999998 3.8696144377350534 3210.1161159260932 .0000000000000000 3926298.5450238925
 -3.6999999999999997 3.8650804731790207 3209.1038642485109 .0000000000000000 3922827.2722002892
 -3.6000000000000001 3.8439527824120034 3204.3967933369750 .0000000000000000 3906495.8928000019
 -3.5000000000000000 3.8489019181228286 3205.6061000811328 .0000000000000000 3910144.8344205529
 -3.3999999999999999 3.9065685919788655 3217.6268439096302 .0000000000000000 3954793.0613508774
 -3.2999999999999998 3.9765248611542123 3231.7897060046703 .0000000000000000 4009217.9525761991
 -3.1999999999999997 3.9843321296030578 3233.9594244323748 .0000000000000000 4015287.7032276317
 -3.1000000000000001 3.9032894775399369 3217.2906251475833 .0000000000000000 3952666.5451669968
 -3.0000000000000000 3.8003745981057730 3194.5712295299045 .0000000000000000 3873050.2063114322
 -2.8999999999999999 3.7881119560498302 3191.7427381031798 .0000000000000000 3862867.8912961171
 -2.7999999999999998 3.8962679040832788 3214.6660523295732 .0000000000000000 3946313.5474148300
 -2.6999999999999997 4.0200257474618901 3239.6243834286865 .0000000000000000 4042888.3760537766
 -2.5999999999999996 4.0432630897480868 3244.5236571758041 .0000000000000000 4061287.3095478900
 -2.5000000000000000 3.9648603958383726 3229.7003274950516 .0000000000000000 4000295.0679595908
 -2.3999999999999999 3.8623117120683630 3208.7629106670456 .0000000000000000 3920759.5663514044
 -2.2999999999999998 3.7838753583071569 3190.9410906935132 .0000000000000000 3860300.5278116860
 -2.1999999999999997 3.7183755555956766 3174.2958336101992 .0000000000000000 3810102.6809824253
 -2.0999999999999996 3.6597796963997946 3159.7614942558957 .0000000000000000 3764553.1996813822
 -1.9999999999999998 3.6619109946060528 3161.6180766465072 .0000000000000000 3764914.9421978486
 -1.8999999999999999 3.7749866117413196 3187.3159249613805 .0000000000000000 3852432.4633437824
 -1.7999999999999998 3.9454189277236260 3222.2478571995944 .0000000000000000 3986142.2929293164
 -1.6999999999999997 4.0553010966298686 3246.2640742992176 .0000000000000000 4070973.1504487675
 -1.5999999999999999 4.0505618959274257 3248.8674939647594 .0000000000000000 4065098.1514820564
 -1.4999999999999998 3.9713207594574214 3231.4281247541876 .0000000000000000 4004554.4706429662
 -1.3999999999999999 3.8809116445509635 3207.8958790603078 .0000000000000000 3937840.0560157909
 -1.2999999999999998 3.8087816532423147 3194.7189926675678 .0000000000000000 3880933.9229402291
 -1.1999999999999997 3.7419326838666480 3188.4487074536105 .0000000000000000 3823340.1216488113
 -1.0999999999999999 3.6630346710026145 3167.0180517107005 .0000000000000000 3763155.9353510961
 -.99999999999999978 3.6228964999290163 3137.9220794668445 .0000000000000000 3744387.0756023480
 -.89999999999999980 3.7226587291510849 3155.4889858736165 .0000000000000000 3824264.2926666746
 -.79999999999999982 3.9464591701742684 3234.3255607927645 .0000000000000000 3976965.8242380721
 -.69999999999999973 4.0993027366367825 3285.1542396381942 .0000000000000000 4084037.8719935091
 -.59999999999999976 4.0334295975763883 3225.8609510465462 .0000000000000000 4066797.2981953868
 -.49999999999999978 3.8354900368776246 3108.3096800694884 .0000000000000000 3974801.2880126308
 -.39999999999999974 3.6664891824270951 3026.0305931473072 .0000000000000000 3881130.4778123847
 -.29999999999999971 3.5703453975129316 2996.7143181319757 .0000000000000000 3797919.4479405894
 -.19999999999999973 3.5575562885506558 3036.0086874886929 .0000000000000000 3751449.6548326323
 -.99999999999999728E-001 3.6506729078376594 3153.4394573438735 .0000000000000000 3761724.6418978758
 .27755575615628914E-015 3.7584056449767660 3241.1530580913236 .0000000000000000 3792389.4183453913
 .10000000000000028 3.7699660825956061 3199.9216012344618 .0000000000000000 3834027.4503812050
 .20000000000000029 3.7948704493335601 3131.4322186081149 .0000000000000000 3894914.7022554846
 .30000000000000027 4.0012341441755455 3216.2414796144444 .0000000000000000 4002834.1238670773
 .40000000000000030 4.1856943886057829 3352.2924181317571 .0000000000000000 4134117.8448306909
 .50000000000000033 4.0076227935923434 3226.8097767309405 .0000000000000000 4066891.2180054374
 .60000000000000031 3.7813753305655817 3070.7163207228969 .0000000000000000 3893987.0035936292
 .70000000000000029 3.9613877474848476 3314.8434418074635 .0000000000000000 3964375.9301983365
 .80000000000000027 3.8339230903101909 3232.9823860942497 .0000000000000000 3677042.6247370150
 .90000000000000036 2.6383061721075669 2024.6521486148022 .0000000000000000 2305230.2393967947
 1.0000000000000004 1.3119041825424520 625.84316356509305 .0000000000000000 791118.77370439644
 1.1000000000000003 .91324895932684991 97.591651630313237 .0000000000000000 264053.67751268530
 1.2000000000000004 1.0152266407332795 60.176530793064813 .0000000000000000 292229.60875066655
 1.3000000000000003 1.0534505085423398 7.4594479158983820 .0000000000000000 257553.10866234245
 1.4000000000000004 1.1116870500749680 -11.310702051503791 .0000000000000000 236474.52158199242
 1.5000000000000004 1.1950123111007598 4.4177155076942221 .0000000000000000 255662.54682249230
 1.6000000000000003 1.1998314554164744 .35888632854865721 .0000000000000000 250109.11305741695
 1.7000000000000004 1.1559918542350889 -1.4680689882909466 .0000000000000000 248488.19698652619
 1.8000000000000003 1.0839886614162859 .80972400760576868 .0000000000000000 250943.47711939577
 1.9000000000000004 .98509987118908005 -.32640873535310061E-001 .0000000000000000 249828.04822000212
 2.0000000000000004 .89058118275295850 -.21653509909174459 .0000000000000000 249847.03754197920
 2.1000000000000005 .82451979161136002 .15100287471789631 .0000000000000000 250125.45261308664
 2.2000000000000002 .80013789430103299 -.22062689561378447E-001 .0000000000000000 249974.93123594366
 2.3000000000000003 .82491748997341996 -.34138058657242655E-001 .0000000000000000 249974.01254711117
 2.4000000000000004 .89277858487688988 .18048275645725004E-001 .0000000000000000 250016.17107728610
 2.5000000000000004 .98667769626157398 -.92953146516728674E-002 .0000000000000000 249996.66623077111
 2.6000000000000005 1.0839409855426461 -.69321794893498333E-002 .0000000000000000 249995.77138147535
 2.7000000000000006 1.1607125107035401 .99986718108551051E-003 .0000000000000000 250006.22183056537
 2.8000000000000003 1.1980910026632270 -.22255944141933185E-002 .0000000000000000 250004.74965081675
 2.9000000000000004 1.1869336524790712 -.14196907165284415E-002 .0000000000000000 250003.66348769001
 3.0000000000000004 1.1299802209849048 .22170198886265939E-002 .0000000000000000 250001.94574171081
 3.1000000000000005 1.0412302077929354 .47535487921907217E-002 .0000000000000000 249998.64966163290
 3.2000000000000006 .94243429957964076 .56406682877771551E-002 .0000000000000000 249997.73073166402
 3.3000000000000003 .85771710588414130 .44768580195627908E-002 .0000000000000000 249998.41201568960
 3.4000000000000004 .80778821574462434 .15274530325310742E-002 .0000000000000000 249998.81829880259
 3.5000000000000004 .80495577904181259 -.20612575473695585E-002 .0000000000000000 249998.76421903967
 3.6000000000000005 .84996691955731907 -.48106367989284287E-002 .0000000000000000 249998.41532105478
 3.7000000000000006 .93164132394739785 -.55349595512514055E-002 .0000000000000000 249998.10124033954
 3.8000000000000007 1.0298110535101694 -.38750885347657855E-002 .0000000000000000 249998.71703807541
 3.9000000000000004 1.1206878801552786 -.73782606608734352E-003 .0000000000000000 250000.26501130109
 4.0000000000000009 1.1825148299728900 .18204952007238534E-002 .0000000000000000 250001.58465330902
 4.1000000000000005 1.1999949283271594 .26540493398029409E-002 .0000000000000000 250001.93061966947
 4.2000000000000002 1.1677937316888130 .26666665863883882E-002 .0000000000000000 250001.35958977434
 4.3000000000000007 1.0933227902134541 .28773154538711465E-002 .0000000000000000 250000.41831265626
 4.4000000000000004 .99653016106577219 .31173523350043523E-002 .0000000000000000 249999.88000417443
 4.5000000000000009 .90375478269927378 .27438156372906401E-002 .0000000000000000 249999.74609503263
 4.6000000000000005 .83705032156430981 .14559206858685359E-002 .0000000000000000 249999.49172597233
 4.7000000000000002 .80578179090475555 -.19348030014491380E-003 .0000000000000000 249999.12914446517
 4.8000000000000007 .80634701601342529 -.11854497283230411E-002 .0000000000000000 249998.82793548866
 4.9000000000000004 .82822424598137612 -.10507669654270522E-002 .0000000000000000 249999.03473096853
 5.0000000000000009 .86078043855087527 -.34702354786536745E-007 .0000000000000000 250000.00000000003
