 -5.0000000000000000 3.8571430000000002 3207.1353945649757 .0000000000000000 3916666.0931709171
 -4.9500000000000002 3.8571840312977996 3207.1440599418211 .0000000000000000 3916697.5954939495
 -4.9000000000000004 3.8572524621446442 3207.1577696388758 .0000000000000000 3916751.3840006185
 -4.8499999999999996 3.8573716090961638 3207.1819575772984 .0000000000000000 3916847.5216763611
 -4.7999999999999998 3.8575322791272901 3207.2181217837083 .0000000000000000 3916978.1941724662
 -4.7500000000000000 3.8574753350463835 3207.2144522417789 .0000000000000000 3916925.3341829958
 -4.7000000000000002 3.8567830815605779 3207.0720820912602 .0000000000000000 3916356.2431173874
 -4.6500000000000004 3.8557168817431604 3206.8281715950511 .0000000000000000 3915528.1060385080
 -4.5999999999999996 3.8556297111549176 3206.7795199885559 .0000000000000000 3915536.6134255938
 -4.5499999999999998 3.8573506979604941 3207.1467517732772 .0000000000000000 3916922.4387537446
 -4.5000000000000000 3.8592359907615257 3207.6037404951508 .0000000000000000 3918269.0940896347
 -4.4500000000000002 3.8586264594943507 3207.5311495188666 .0000000000000000 3917637.3642042722
 -4.4000000000000004 3.8560417350072460 3206.9440370137149 .0000000000000000 3915739.4880992309
 -4.3499999999999996 3.8557153810596412 3206.7388391064092 .0000000000000000 3915804.5446738661
 -4.2999999999999998 3.8595697410749925 3207.5001632770295 .0000000000000000 3918795.0474013668
 -4.2500000000000000 3.8624643821864826 3208.3121484246594 .0000000000000000 3920549.5155246649
 -4.2000000000000002 3.8580271489002613 3207.6268994960938 .0000000000000000 3916850.5309496345
 -4.1500000000000004 3.8497300302533697 3205.7007146510964 .0000000000000000 3911007.0112674749
 -4.0999999999999996 3.8500176874898790 3205.2155889625592 .0000000000000000 3911901.1964627816
 -4.0499999999999998 3.8631403190842510 3207.9124702248027 .0000000000000000 3921564.7957006083
 -4.0000000000000000 3.8735982258977510 3210.9212323099332 .0000000000000000 3928493.6687102504
 -3.9499999999999997 3.8625180153823759 3209.2143227863376 .0000000000000000 3920055.0631935839
 -3.8999999999999999 3.8369647778483382 3202.9636952247306 .0000000000000000 3901880.5665393379
 -3.8500000000000001 3.8302422558829203 3199.8907718122673 .0000000000000000 3897229.3584354920
 -3.7999999999999998 3.8620504216490374 3206.9381643472802 .0000000000000000 3920043.3850634000
 -3.7500000000000000 3.9037926555285640 3218.7200230316580 .0000000000000000 3950696.6955243517
 -3.6999999999999997 3.9006784866547490 3219.0782101296763 .0000000000000000 3949790.6309734317
 -3.6499999999999999 3.8389698106250405 3201.7859245118175 .0000000000000000 3905192.8832452167
 -3.6000000000000001 3.7787005161864342 3185.3448361555888 .0000000000000000 3858265.6891072998
 -3.5499999999999998 3.7948962682476841 3192.8415113995061 .0000000000000000 3866183.2832576251
 -3.5000000000000000 3.8878650628894849 3219.3935123185365 .0000000000000000 3936000.3792049000
 -3.4499999999999997 3.9808667001934297 3236.7396527060096 .0000000000000000 4013111.5720360717
 -3.3999999999999999 4.0112413213867724 3231.5428350816460 .0000000000000000 4042467.6538351006
 -3.3500000000000001 3.9895737869406247 3223.1971870206808 .0000000000000000 4022874.7517136275
 -3.2999999999999998 3.9497144181217472 3230.8544648320967 .0000000000000000 3982895.7581992042
 -3.2500000000000000 3.8758772417768350 3231.4615311624793 .0000000000000000 3922374.8734705336
 -3.1999999999999997 3.7376214376978951 3186.6253674857339 .0000000000000000 3823929.1227548574
 -3.1499999999999999 3.5954999924016184 3121.3783367295591 .0000000000000000 3725168.1090911250
 -3.1000000000000001 3.5838018117675929 3116.6645545738747 .0000000000000000 3714166.3363153767
 -3.0499999999999998 3.7377636282564439 3189.9785821047817 .0000000000000000 3818228.7688571741
 -3.0000000000000000 3.9217181531509184 3254.3086251327154 .0000000000000000 3953257.4333740179
 -2.9499999999999997 4.0006085562424598 3243.3766575536420 .0000000000000000 4026633.1384992781
 -2.8999999999999999 4.0018764804179083 3206.2199980586629 .0000000000000000 4042414.2175680217
 -2.8500000000000001 4.0274891454206534 3221.2703606262785 .0000000000000000 4058936.7433611611
 -2.7999999999999998 4.0824375855179378 3274.9679826601255 .0000000000000000 4085486.1784270173
 -2.7500000000000000 4.0847340820488114 3288.2021362862979 .0000000000000000 4079648.4591814149
 -2.6999999999999997 4.0051074919117706 3234.4324097531680 .0000000000000000 4027456.1416546293
 -2.6499999999999999 3.9141139668667639 3175.7926037785305 .0000000000000000 3971995.7351011946
 -2.5999999999999996 3.8901477532446362 3180.9719712656465 .0000000000000000 3957074.6150961816
 -2.5499999999999998 3.9262054315215145 3241.0499801201636 .0000000000000000 3972355.9811091693
 -2.5000000000000000 3.9417772570184684 3280.0338452521864 .0000000000000000 3966201.8217788693
 -2.4499999999999997 3.8738599590806380 3239.9976977779165 .0000000000000000 3905709.0447574095
 -2.3999999999999999 3.7486752037595936 3149.5260624457014 .0000000000000000 3820432.2419343642
 -2.3499999999999996 3.6574024617568859 3099.3659735650126 .0000000000000000 3778455.8997641853
 -2.2999999999999998 3.6531307095345791 3137.2724454919712 .0000000000000000 3802306.8020075434
 -2.2500000000000000 3.6889996096128903 3203.1782992846747 .0000000000000000 3824147.0983684990
 -2.1999999999999997 3.6904901972887978 3208.8699582420481 .0000000000000000 3773276.3751976867
 -2.1499999999999999 3.6694161811040007 3167.5392070772000 .0000000000000000 3700931.8979013511
 -2.0999999999999996 3.6996322827297745 3168.6754516333863 .0000000000000000 3734733.9942378323
 -2.0499999999999998 3.7810009185352520 3217.8227422634754 .0000000000000000 3882853.6836088942
 -1.9999999999999998 3.8240963084293420 3209.6338216643394 .0000000000000000 3986271.8599369493
 -1.9499999999999997 3.8096582578808520 3115.2141346909084 .0000000000000000 3944452.7725166501
 -1.8999999999999999 3.8603178079861862 3083.3734550471240 .0000000000000000 3887752.1992382007
 -1.8499999999999999 4.0617663481615400 3241.0972037589304 .0000000000000000 3990911.4879410900
 -1.7999999999999998 4.2802580648887822 3464.2199528001770 .0000000000000000 4187938.2853773977
 -1.7499999999999998 4.2782896292217947 3487.6057547613204 .0000000000000000 4235498.2607646519
 -1.6999999999999997 4.0074235196879426 3238.6445699553128 .0000000000000000 4043046.1164227254
 -1.6499999999999999 3.6943435605975798 2950.6583777361507 .0000000000000000 3808276.3892022381
 -1.5999999999999999 3.6081642477997558 2908.6895089751847 .0000000000000000 3783476.5193260261
 -1.5499999999999998 3.7915563534976373 3142.8247077718552 .0000000000000000 3971300.7667618366
 -1.4999999999999998 4.0469806672571371 3419.2170988882526 .0000000000000000 4130904.3935395218
 -1.4499999999999997 4.1498113888447001 3502.5729846295058 .0000000000000000 4072842.5576403481
 -1.3999999999999999 4.0370661897451781 3369.8670350137418 .0000000000000000 3854160.7624452421
 -1.3499999999999999 3.8144121711245598 3180.0193573525867 .0000000000000000 3682266.6200858550
 -1.2999999999999998 3.6317268677237173 3095.9592812894539 .0000000000000000 3705201.2445198623
 -1.2499999999999998 3.5462161020486107 3126.1645381817502 .0000000000000000 3861595.9300411055
 -1.1999999999999997 3.4829925193204754 3109.8740040201633 .0000000000000000 3898667.1057372224
 -1.1499999999999997 3.3739490361738280 2932.8379543623359 .0000000000000000 3665297.7506420505
 -1.0999999999999999 3.3454127712254889 2779.1546888967432 .0000000000000000 3408824.4845248647
 -1.0499999999999998 3.6279043078422766 2982.9431293955176 .0000000000000000 3548138.0199899757
 -.99999999999999978 4.1842494355929922 3526.7680977146156 .0000000000000000 4082200.1257096771
 -.94999999999999973 4.5853847062093900 3904.7362111581288 .0000000000000000 4481961.3808647050
 -.89999999999999980 4.4467472323680690 3684.2398504162170 .0000000000000000 4311848.6853012927
 -.84999999999999976 3.9168797519501504 3071.8915757793784 .0000000000000000 3791565.0762518109
 -.79999999999999982 3.5474517020268079 2712.1547467442106 .0000000000000000 3568529.3253395515
 -.74999999999999978 3.6745006349692781 2942.9919753689251 .0000000000000000 3932104.9949928885
 -.69999999999999973 4.0716916571242230 3418.6822447036329 .0000000000000000 4418270.8779730126
 -.64999999999999980 4.2773904906983029 3567.8261028179941 .0000000000000000 4396712.8490330987
 -.59999999999999976 4.1485545969346287 3302.7451376909876 .0000000000000000 3907561.2471778449
 -.54999999999999971 3.9427116620465665 3054.0511964263692 .0000000000000000 3569939.0868340386
 -.49999999999999978 3.8971836063094010 3144.2508846897945 .0000000000000000 3760046.8123233491
 -.44999999999999973 3.9174260277717998 3379.7652478068403 .0000000000000000 4180211.4342980729
 -.39999999999999974 3.7467301528920158 3323.4494161463572 .0000000000000000 4216122.4010359766
 -.34999999999999976 3.3526970174829986 2864.2551541884072 .0000000000000000 3662920.6016184688
 -.29999999999999971 3.0587202628863279 2443.4387498021765 .0000000000000000 3067886.1889115567
 -.24999999999999972 3.2341664323395940 2619.1119520043644 .0000000000000000 3155946.2326396955
 -.19999999999999973 3.8355486012063689 3370.2178885161347 .0000000000000000 3922360.2594746770
 -.14999999999999974 4.3374522182799184 3986.6672250273391 .0000000000000000 4552613.4884790778
 -.99999999999999728E-001 4.2139923894546412 3773.8292026748059 .0000000000000000 4287657.3736632643
 -.49999999999999725E-001 3.5087063858435088 2819.0136219404612 .0000000000000000 3259509.2366449987
 .27755575615628914E-015 2.9067637182599033 2037.1366109648754 .0000000000000000 2517320.0442452570
 .50000000000000280E-001 3.1077980972821106 2347.1370702199119 .0000000000000000 3101704.4769048053
 .10000000000000028 3.9555718541489204 3501.6897986524427 .0000000000000000 4628445.3002534285
 .15000000000000030 4.4137603433615382 4030.3591465415825 .0000000000000000 5203115.1726920558
 .20000000000000029 3.7723965088596239 3027.8314178405758 .0000000000000000 3776597.3946787375
 .25000000000000028 2.5325612346928419 1376.9474496647567 .0000000000000000 1670376.8545259580
 .30000000000000027 1.6257174027873589 350.49682436680075 .0000000000000000 519377.59613900649
 .35000000000000031 1.2879311950868702 61.447229322650884 .0000000000000000 287823.60982152121
 .40000000000000030 1.2020953664436711 13.993794224590630 .0000000000000000 265811.47712859308
 .45000000000000029 1.1548755927002128 -3.0978009686755286 .0000000000000000 245075.69225883702
 .50000000000000033 1.1173227160594257 -1.3291557491547936 .0000000000000000 248721.65430018713
 .55000000000000027 1.0772438120844268 .85497737926055251 .0000000000000000 251285.79728865292
 .60000000000000031 1.0282211494408271 -.26760405123233239 .0000000000000000 249512.52830655675
 .65000000000000036 .97810496350803089 -.20802297013456442E-001 .0000000000000000 250059.04573951519
 .70000000000000029 .93001233078916257 .10376355281432112 .0000000000000000 250092.40903010269
 .75000000000000033 .88567987910368429 -.48757190534317089E-001 .0000000000000000 249931.90017820333
 .80000000000000027 .84860246515406401 .13649230261790646E-002 .0000000000000000 250021.69504491254
 .85000000000000031 .82102625997835599 .11797168804235179E-001 .0000000000000000 250001.38681997283
 .90000000000000036 .80449364227307063 -.70994633926854166E-002 .0000000000000000 249994.17480616242
 .95000000000000029 .80014171207039686 .11507068335968554E-002 .0000000000000000 250003.03585777560
 1.0000000000000004 .80822077673172754 .10312545008941791E-002 .0000000000000000 249999.26302990559
 1.0500000000000003 .82821309102433494 -.97163771060654021E-003 .0000000000000000 249999.66031458048
 1.1000000000000003 .85889240508630893 .28095337299129320E-003 .0000000000000000 250000.23116536095
 1.1500000000000004 .89834579137848558 .28186214070954665E-004 .0000000000000000 249999.87466334025
 1.2000000000000004 .94411781938023864 -.14218907191727062E-003 .0000000000000000 249999.99900003435
 1.2500000000000004 .99336386688617251 -.51707793106850991E-005 .0000000000000000 250000.04561688664
 1.3000000000000003 1.0430219557848674 -.36948067690298278E-004 .0000000000000000 250000.04596260859
 1.3500000000000003 1.0900059784685752 -.41596797217626327E-005 .0000000000000000 250000.06165208688
 1.4000000000000004 1.1313950868469003 .18182703577960344E-004 .0000000000000000 250000.05775037088
 1.4500000000000004 1.1646149904240373 .52788416365707130E-005 .0000000000000000 250000.04372194037
 1.5000000000000004 1.1875996101684450 .15348410168118669E-005 .0000000000000000 250000.03298829729
 1.5500000000000003 1.1989197266889047 .28350996258401720E-007 .0000000000000000 250000.03013381833
 1.6000000000000003 1.1978715869159138 -.24076829333823546E-007 .0000000000000000 250000.02969096421
 1.6500000000000004 1.1845203578036290 -.21695477405950450E-005 .0000000000000000 250000.03328587618
 1.7000000000000004 1.1596960612459928 -.90772721324240912E-005 .0000000000000000 250000.04534791032
 1.7500000000000004 1.1249423887884160 -.11426281468150333E-004 .0000000000000000 250000.05922715814
 1.8000000000000003 1.0824209074240547 .34073928597493859E-005 .0000000000000000 250000.06202402982
 1.8500000000000003 1.0347760579792407 .35205053256069489E-004 .0000000000000000 250000.04911087133
 1.9000000000000004 .98496979496690329 .57724091769199632E-004 .0000000000000000 250000.02448750098
 1.9500000000000004 .93609748263258896 .42687013966985669E-004 .0000000000000000 249999.99394464691
 2.0000000000000004 .89119696292155148 .91539069820778566E-005 .0000000000000000 249999.96590848741
 2.0500000000000003 .85306089157383480 .10150731155852698E-004 .0000000000000000 249999.94534510674
 2.1000000000000005 .82406199956832749 .47371926850947199E-004 .0000000000000000 249999.92683995864
 2.1500000000000004 .80600327987140363 .53833293311623360E-004 .0000000000000000 249999.90810065338
 2.2000000000000002 .80000573425686949 -.15025735823204272E-005 .0000000000000000 249999.89957334069
 2.2500000000000004 .80644116444802283 -.55193490948346191E-004 .0000000000000000 249999.90887963891
 2.3000000000000003 .82491063275291665 -.46006423122801539E-004 .0000000000000000 249999.92802473489
 2.3500000000000005 .85426757597160274 -.83276372518389271E-005 .0000000000000000 249999.94650884008
 2.4000000000000004 .89268664275692577 -.88757732452092773E-005 .0000000000000000 249999.96705285812
 2.4500000000000006 .93777746363723946 -.43089313174525301E-004 .0000000000000000 249999.99523742986
 2.5000000000000004 .98673560085195966 -.57106332978273479E-004 .0000000000000000 250000.02569347873
 2.5500000000000003 1.0365179394867341 -.33704969762170002E-004 .0000000000000000 250000.04980509062
 2.6000000000000005 1.0840306058989608 -.23259685812433667E-005 .0000000000000000 250000.06208877201
 2.6500000000000004 1.1263198233117835 .11490508139546879E-004 .0000000000000000 250000.05888777587
 2.7000000000000006 1.1607555636058304 .87448573929538010E-005 .0000000000000000 250000.04509817614
 2.7500000000000004 1.1851960323568451 .20292860109351143E-005 .0000000000000000 250000.03354779002
 2.8000000000000003 1.1981214157143971 -.64776085972726404E-006 .0000000000000000 250000.02998558653
 2.8500000000000005 1.1987281807418624 -.34644577089745321E-006 .0000000000000000 250000.03045128507
 2.9000000000000004 1.1869786170840955 -.29458869368984551E-005 .0000000000000000 250000.03447530919
 2.9500000000000006 1.1636031433164622 -.10666333746475752E-004 .0000000000000000 250000.04629260654
 3.0000000000000004 1.1300552965166994 -.16598118602795698E-004 .0000000000000000 250000.06184971391
 3.0500000000000003 1.0884216361366683 -.78649368872281656E-005 .0000000000000000 250000.06887564235
 3.1000000000000005 1.0412914940053599 .19141917762467038E-004 .0000000000000000 250000.06102239946
 3.1500000000000004 .99159494945596494 .42697612471758173E-004 .0000000000000000 250000.04029497338
 3.2000000000000006 .94242054540171205 .33940859163030742E-004 .0000000000000000 250000.01066220950
 3.2500000000000004 .89682479762629586 .58348736342145006E-005 .0000000000000000 249999.97888433773
 3.3000000000000003 .85764352581153191 .10208606119483933E-004 .0000000000000000 249999.95002648002
 3.3500000000000005 .82731443171847474 .56557767710730505E-004 .0000000000000000 249999.92037033351
 3.4000000000000004 .80772317286416273 .80061613383397546E-004 .0000000000000000 249999.88981638881
 3.4500000000000006 .80008618299847178 .34605564937178613E-004 .0000000000000000 249999.87422595054
 3.5000000000000004 .80487762843483524 -.35675219861840702E-004 .0000000000000000 249999.89239163627
 3.5500000000000003 .82180073956656485 -.75346792651836197E-004 .0000000000000000 249999.94982766133
 3.6000000000000005 .84980400082523400 -.11543266081930890E-003 .0000000000000000 250000.04365614351
 3.6500000000000004 .88714571292173927 -.22008818730967443E-003 .0000000000000000 250000.16916541426
 3.7000000000000006 .93150458578428252 -.36893612966206640E-003 .0000000000000000 250000.30259841686
 3.7500000000000004 .98012381230681123 -.45831676358606461E-003 .0000000000000000 250000.38867362041
 3.8000000000000007 1.0299781404099944 -.40607927198880783E-003 .0000000000000000 250000.37070426281
 3.8500000000000005 1.0779633054938684 -.22333634086416440E-003 .0000000000000000 250000.24011586449
 3.9000000000000004 1.1210992073208705 -.95300936108099557E-005 .0000000000000000 250000.06172232146
 3.9500000000000006 1.1567159211239424 .10633429429705420E-003 .0000000000000000 249999.94686975749
 4.0000000000000009 1.1825992420169638 .62795308084906190E-004 .0000000000000000 249999.96714670316
 4.0500000000000007 1.1971168137461603 -.68614028559304719E-004 .0000000000000000 250000.07584353251
 4.1000000000000005 1.1993521875864170 -.14519992625157223E-003 .0000000000000000 250000.14498193769
 4.1500000000000004 1.1892005365988907 -.98908335447509555E-004 .0000000000000000 250000.10514341074
 4.2000000000000002 1.1673376368528361 .42468188717429175E-005 .0000000000000000 250000.02086515658
 4.2500000000000009 1.1350872593018291 .58255124989685733E-004 .0000000000000000 249999.99458240613
 4.3000000000000007 1.0943521830067264 .38905072863904147E-004 .0000000000000000 250000.03161384986
 4.3500000000000005 1.0476633666655824 .11063411031926179E-004 .0000000000000000 250000.05659342522
 4.4000000000000004 .99810570595655645 .28922924845015934E-004 .0000000000000000 250000.02956690657
 4.4500000000000002 .94889159462000316 .66047300045718848E-004 .0000000000000000 249999.98092888421
 4.5000000000000009 .90285733336874741 .75345998149479144E-004 .0000000000000000 249999.95740823392
 4.5500000000000007 .86246786304210865 .74615181497491274E-004 .0000000000000000 249999.97005752832
 4.6000000000000005 .83031234939351517 .90412520024180389E-004 .0000000000000000 249999.98499899384
 4.6500000000000004 .80914717130066849 .67765758783694892E-004 .0000000000000000 249999.97386381830
 4.7000000000000002 .80078278950018345 -.38324385744654976E-004 .0000000000000000 249999.95844489484
 4.7500000000000009 .80467572208975313 -.13973369430404829E-003 .0000000000000000 249999.97171443308
 4.8000000000000007 .81795770518132616 -.12999290639134498E-003 .0000000000000000 249999.99760808403
 4.8500000000000005 .83718243232565359 -.46546830384369696E-004 .0000000000000000 250000.00493381525
 4.9000000000000004 .85993233255751833 .15303164175967267E-004 .0000000000000000 250000.00287309356
 4.9500000000000002 .88484753122173321 .26429754796179020E-004 .0000000000000000 250000.00223989610
 5.0000000000000009 .91078086403777636 .13530381518311364E-009 .0000000000000000 250000.00000000003
