 -5.0000000000000000 3.8571430000000002 3207.1353945941764 .0000000000000000 3916666.0931709171
 -4.9500000000000002 3.8571954856158963 3207.1484834657381 .0000000000000000 3916706.6334720785
 -4.9000000000000004 3.8572678898280608 3207.1665622136966 .0000000000000000 3916762.8057049243
 -4.8499999999999996 3.8573198069865495 3207.1753603839215 .0000000000000000 3916803.3096351577
 -4.7999999999999998 3.8571881154866863 3207.1259157782342 .0000000000000000 3916702.1826582053
 -4.7500000000000000 3.8566265489365468 3206.9816075498225 .0000000000000000 3916271.0895804535
 -4.7000000000000002 3.8558750859328095 3206.8631438120447 .0000000000000000 3915691.8820799910
 -4.6500000000000004 3.8559893647386390 3206.9838079671131 .0000000000000000 3915764.5250807167
 -4.5999999999999996 3.8575154663029680 3207.2813951312437 .0000000000000000 3916922.2562203323
 -4.5499999999999998 3.8590025964297920 3207.3925789847467 .0000000000000000 3918099.9261916513
 -4.5000000000000000 3.8584093161533342 3207.2032395825072 .0000000000000000 3917717.0183152054
 -4.4500000000000002 3.8564395180244389 3207.1121253275560 .0000000000000000 3916185.3144088341
 -4.4000000000000004 3.8564605666588907 3207.4022447602351 .0000000000000000 3916040.7649305756
 -4.3499999999999996 3.8594626456151957 3207.6701341898997 .0000000000000000 3918272.3803287083
 -4.2999999999999998 3.8610604428379443 3207.3832938203386 .0000000000000000 3919748.2906047916
 -4.2500000000000000 3.8569569941349613 3206.7334945250136 .0000000000000000 3916886.6337465104
 -4.2000000000000002 3.8509571939586338 3206.4377609717217 .0000000000000000 3912017.7940373463
 -4.1500000000000004 3.8525384504939577 3206.9458764137739 .0000000000000000 3912587.8188760532
 -4.0999999999999996 3.8632313043442261 3207.9999070113527 .0000000000000000 3920874.3073322428
 -4.0499999999999998 3.8698808148279675 3208.5682011726885 .0000000000000000 3927061.4273040937
 -4.0000000000000000 3.8593434260831199 3207.5216420803231 .0000000000000000 3919398.3926984882
 -3.9499999999999997 3.8396626984543532 3205.0732714587944 .0000000000000000 3902813.4036203143
 -3.8999999999999999 3.8368274055418659 3203.6205034753207 .0000000000000000 3899285.3576844730
 -3.8500000000000001 3.8638465747555699 3206.5207786210453 .0000000000000000 3921579.3433797560
 -3.7999999999999998 3.8970420296130803 3213.5029127210851 .0000000000000000 3949791.5350324335
 -3.7500000000000000 3.8931821335909560 3216.5029231756312 .0000000000000000 3945970.1922236541
 -3.6999999999999997 3.8396163305357112 3206.8685064101064 .0000000000000000 3900425.2019739524
 -3.6499999999999999 3.7843008804455320 3190.9828231490860 .0000000000000000 3856875.0478647761
 -3.6000000000000001 3.7965783424286563 3188.9122380219387 .0000000000000000 3872190.8541391212
 -3.5499999999999998 3.8893762310387392 3210.0990231714927 .0000000000000000 3947746.7121659876
 -3.5000000000000000 3.9977587201070208 3239.3471603501666 .0000000000000000 4024598.0275262417
 -3.4499999999999997 4.0427165440943291 3252.2936863092186 .0000000000000000 4050581.2121270867
 -3.3999999999999999 3.9985066482230751 3237.6694430743000 .0000000000000000 4022079.0552928834
 -3.3500000000000001 3.8955375959212684 3205.4720164842843 .0000000000000000 3958729.0178643554
 -3.2999999999999998 3.7826635060439480 3179.5665395362362 .0000000000000000 3874382.2572293957
 -3.2500000000000000 3.6960649820648155 3174.6044612628921 .0000000000000000 3786777.8371142996
 -3.1999999999999997 3.6516084175703210 3177.5730857180429 .0000000000000000 3734443.4892274146
 -3.1499999999999999 3.6596700915169813 3169.1872397235647 .0000000000000000 3756509.6018336085
 -3.1000000000000001 3.7363714472761580 3162.2348983932052 .0000000000000000 3846813.1693562027
 -3.0499999999999998 3.8775886753796347 3188.3819306411378 .0000000000000000 3952352.4120325535
 -3.0000000000000000 4.0253567194013105 3243.0315313566007 .0000000000000000 4029613.6909344704
 -2.9499999999999997 4.0981075753916576 3277.8349914151822 .0000000000000000 4073053.1500114929
 -2.8999999999999999 4.0721031155011556 3260.9426417806999 .0000000000000000 4086515.5975325541
 -2.8500000000000001 4.0093336490848737 3219.6115334148749 .0000000000000000 4069041.9897434390
 -2.7999999999999998 3.9871580462702840 3207.3603428439951 .0000000000000000 4035414.0001023025
 -2.7500000000000000 4.0140549933742102 3240.1888171571218 .0000000000000000 4014675.0640764227
 -2.6999999999999997 4.0286224984838546 3277.6677230194300 .0000000000000000 4014393.0730872978
 -2.6499999999999999 3.9742306214524299 3267.2517415156894 .0000000000000000 4005866.4748347099
 -2.5999999999999996 3.8628907388261990 3202.5412131150856 .0000000000000000 3958171.2860744526
 -2.5499999999999998 3.7653619622633294 3135.1431913584606 .0000000000000000 3880520.0189732620
 -2.5000000000000000 3.7432165925260854 3128.4635742692303 .0000000000000000 3822578.5111848540
 -2.4499999999999997 3.7892220230914879 3195.6112292984571 .0000000000000000 3826580.7010266944
 -2.3999999999999999 3.8290114963169288 3275.7796744578654 .0000000000000000 3871539.9568550247
 -2.3499999999999996 3.7840858907024191 3276.8115056105689 .0000000000000000 3872400.1807481078
 -2.2999999999999998 3.6478188009787171 3164.6885030975059 .0000000000000000 3768303.2592890570
 -2.2500000000000000 3.5101041171231220 3023.9947167993150 .0000000000000000 3629768.1452222471
 -2.1999999999999997 3.4941556097123891 2998.4000467591973 .0000000000000000 3622940.8895440684
 -2.1499999999999999 3.6434073840580052 3132.2954493647571 .0000000000000000 3802291.7374919909
 -2.0999999999999996 3.8701647375180332 3299.8699620518510 .0000000000000000 3999464.0928166504
 -2.0499999999999998 4.0375908328648569 3349.1160658612048 .0000000000000000 4028324.5415467471
 -1.9999999999999998 4.0854205642670376 3284.4347227598923 .0000000000000000 3943250.5052489163
 -1.9499999999999997 4.0469946740343428 3225.1239056183754 .0000000000000000 3948690.3960072398
 -1.8999999999999999 3.9678235729822324 3213.5051919031716 .0000000000000000 4083396.5538898865
 -1.8499999999999999 3.8739319227340432 3177.8237207442471 .0000000000000000 4155307.7789850649
 -1.7999999999999998 3.8221437438686703 3098.3476614815631 .0000000000000000 4034519.6326227640
 -1.7499999999999998 3.8993781649442982 3097.2235457693887 .0000000000000000 3874655.4588816734
 -1.6999999999999997 4.1113539529614158 3278.7533297917221 .0000000000000000 3911506.6188849038
 -1.6499999999999999 4.3042503915881545 3531.6561733477456 .0000000000000000 4122701.7743005720
 -1.5999999999999999 4.2684754035038459 3594.6664366208061 .0000000000000000 4237148.6207697019
 -1.5499999999999998 3.9451116561629007 3334.0853537445751 .0000000000000000 4052664.1725825029
 -1.4999999999999998 3.5127295818521898 2911.2736089254831 .0000000000000000 3668210.1482972540
 -1.4499999999999997 3.2580022076237158 2663.3047997254071 .0000000000000000 3414466.2378689116
 -1.3999999999999999 3.3407071017338192 2804.0503612937650 .0000000000000000 3534699.7345840265
 -1.3499999999999999 3.6536994629230555 3208.0107399845306 .0000000000000000 3902404.3887789990
 -1.2999999999999998 3.9205841780817230 3511.2273129223772 .0000000000000000 4121106.6586262058
 -1.2499999999999998 3.9660187438376759 3480.9533307270867 .0000000000000000 3961091.2656809893
 -1.1999999999999997 3.8775515170816197 3260.1747437303097 .0000000000000000 3635104.6726129483
 -1.1499999999999997 3.8603371331642973 3178.0397167197830 .0000000000000000 3571882.2081858269
 -1.0999999999999999 3.9540797992782117 3332.9092394924714 .0000000000000000 3921693.1412866507
 -1.0499999999999998 3.9719888510061141 3447.8304276211370 .0000000000000000 4311730.0177514898
 -.99999999999999978 3.7674831834543228 3215.6370478843878 .0000000000000000 4213566.3126422791
 -.94999999999999973 3.5169993323921451 2780.4571482349047 .0000000000000000 3673900.7146803131
 -.89999999999999980 3.6005259925072752 2691.0959622479177 .0000000000000000 3406599.1959331026
 -.84999999999999976 4.1099776915727473 3203.4596155337367 .0000000000000000 3861573.5107592246
 -.79999999999999982 4.6022355396507919 3819.0051433726567 .0000000000000000 4538766.1990994895
 -.74999999999999978 4.5344592856331936 3811.8483056771993 .0000000000000000 4592475.5064196959
 -.69999999999999973 3.9103280878751323 3122.4259750777751 .0000000000000000 3896139.2225473276
 -.64999999999999980 3.3206933173585367 2472.0752949741636 .0000000000000000 3231168.7014440815
 -.59999999999999976 3.3039363843148752 2557.3415914145103 .0000000000000000 3391607.4275573539
 -.54999999999999971 3.7573835243483753 3233.9415281594443 .0000000000000000 4174420.4777649767
 -.49999999999999978 4.0786897251558765 3662.1188879108222 .0000000000000000 4539975.7214586828
 -.44999999999999973 3.8909258445505577 3334.1307354043861 .0000000000000000 3937118.9391252836
 -.39999999999999974 3.4719948913049317 2698.8383712055556 .0000000000000000 3031750.7930444386
 -.34999999999999976 3.3637030632034253 2574.5278429251298 .0000000000000000 2859805.1786713391
 -.29999999999999971 3.6944056356854649 3166.7307937734636 .0000000000000000 3668389.7386663803
 -.24999999999999972 4.0166368066417943 3807.3800765288115 .0000000000000000 4642560.5410277089
 -.19999999999999973 3.7760258322845499 3606.5636786681061 .0000000000000000 4577618.0802233713
 -.14999999999999974 2.9060968293127725 2430.0711574373190 .0000000000000000 3163249.9750676919
 -.99999999999999728E-001 1.9040790130246015 1074.4654510655300 .0000000000000000 1446981.1962904213
 -.49999999999999725E-001 1.2744051089157371 286.61608122333519 .0000000000000000 501083.02146090131
 .27755575615628914E-015 1.0695243844233220 49.499181835171314 .0000000000000000 281302.84658243612
 .50000000000000280E-001 1.0619955463625703 8.8341322585748472 .0000000000000000 261728.00277927014
 .10000000000000028 1.0962125679513754 -1.2811398668167973 .0000000000000000 247857.13197421920
 .15000000000000030 1.1351782602373341 -.98335314361629034 .0000000000000000 248491.88773116074
 .20000000000000029 1.1684503033627434 .35071266676746338 .0000000000000000 250858.36814934397
 .25000000000000028 1.1898696631785821 -.35246682964844872E-001 .0000000000000000 249813.62172048420
 .30000000000000027 1.1994351795835374 -.25624289133815838E-001 .0000000000000000 249975.87960673569
 .35000000000000031 1.1968361032980808 .36740449470298100E-001 .0000000000000000 250067.96922185650
 .40000000000000030 1.1818597919553360 -.10769817241711844E-001 .0000000000000000 249964.92983898401
 .45000000000000029 1.1556042640844595 -.19916369231544589E-002 .0000000000000000 250008.58552684099
 .50000000000000033 1.1196966924772378 .36659173342984143E-002 .0000000000000000 250001.71337480145
 .55000000000000027 1.0763289365707764 -.17033166165609189E-002 .0000000000000000 249997.05747691382
 .60000000000000031 1.0282216366846855 .12789047497219783E-003 .0000000000000000 250001.54752591762
 .65000000000000036 .97836163182869129 .35690648562746455E-003 .0000000000000000 249999.60956570899
 .70000000000000029 .92984447876839105 -.24291787164771857E-003 .0000000000000000 249999.92455764973
 .75000000000000033 .88568876713634515 .49672910596756535E-004 .0000000000000000 250000.11269601141
 .80000000000000027 .84864019528817103 -.29714649402991065E-005 .0000000000000000 249999.92642919871
 .85000000000000031 .82100353567761108 -.36162369339520932E-005 .0000000000000000 250000.00930641891
 .90000000000000036 .80449704565715907 .42034165814209244E-004 .0000000000000000 249999.98576488832
 .95000000000000029 .80014516308689354 -.90930652797945899E-005 .0000000000000000 249999.97463281677
 1.0000000000000004 .80821771434712775 -.32397438030796315E-004 .0000000000000000 249999.99013606060
 1.0500000000000003 .82821411053160410 -.91907840310337080E-005 .0000000000000000 249999.99567518826
 1.1000000000000003 .85889259230214510 .19915219698160185E-004 .0000000000000000 249999.99442874501
 1.1500000000000004 .89834540638290306 .16637277861077568E-004 .0000000000000000 249999.99224286896
 1.2000000000000004 .94411800268758161 -.70626819872269321E-005 .0000000000000000 249999.99837823657
 1.2500000000000004 .99336382019122449 -.14049796379258848E-004 .0000000000000000 250000.00391093490
 1.3000000000000003 1.0430219427874539 -.56418668325805539E-005 .0000000000000000 250000.00073174963
 1.3500000000000003 1.0900060671595311 -.11631666440607723E-005 .0000000000000000 249999.99659597428
 1.4000000000000004 1.1313951146475496 -.48087281179872525E-006 .0000000000000000 249999.99973074053
 1.4500000000000004 1.1646150028411730 .40947073384323969E-005 .0000000000000000 250000.00899204219
 1.5000000000000004 1.1875996094183852 .78900657184663005E-005 .0000000000000000 250000.01896708590
 1.5500000000000003 1.1989197063369723 .31639266506739145E-005 .0000000000000000 250000.02507488566
 1.6000000000000003 1.1978715726181604 -.56522451472338796E-005 .0000000000000000 250000.02470431212
 1.6500000000000004 1.1845203602435355 -.76139115198411300E-005 .0000000000000000 250000.01795972016
 1.7000000000000004 1.1596960842799886 -.16384912703260238E-005 .0000000000000000 250000.00781151582
 1.7500000000000004 1.1249424330698743 .23993399626678876E-005 .0000000000000000 249999.99918657227
 1.8000000000000003 1.0824209566747491 .18347070327180814E-005 .0000000000000000 249999.99709483120
 1.8500000000000003 1.0347760782792819 .63649172472159538E-005 .0000000000000000 250000.00114038281
 1.9000000000000004 .98496976841643147 .13358239914755271E-004 .0000000000000000 250000.00214659105
 1.9500000000000004 .93609744263603933 .24354630539699793E-005 .0000000000000000 249999.99472972425
 2.0000000000000004 .89119696300855600 -.22102301312579281E-004 .0000000000000000 249999.98913632700
 2.0500000000000003 .85306093114469428 -.20751556576020015E-004 .0000000000000000 249999.99294711856
 2.1000000000000005 .82406201355017261 .14274558410340948E-004 .0000000000000000 249999.99437598806
 2.1500000000000004 .80600321964323474 .30688997759567745E-004 .0000000000000000 249999.98507251660
 2.2000000000000002 .80000563545577696 -.68165868773370558E-006 .0000000000000000 249999.97839481232
 2.2500000000000004 .80644110897322741 -.30835773719128871E-004 .0000000000000000 249999.98556087923
 2.3000000000000003 .82491065147519638 -.12516206769266688E-004 .0000000000000000 249999.99490900218
 2.3500000000000005 .85426761639976445 .22559326520400733E-004 .0000000000000000 249999.99334209462
 2.4000000000000004 .89268664059232627 .22452715288229049E-004 .0000000000000000 249999.98973977362
 2.4500000000000006 .93777742138027131 -.29154524275710084E-005 .0000000000000000 249999.99556437621
 2.5000000000000004 .98673557368112952 -.13547537424091949E-004 .0000000000000000 250000.00259729874
 2.5500000000000003 1.0365179606327328 -.62080492949024577E-005 .0000000000000000 250000.00100141208
 2.6000000000000005 1.0840306562360040 -.15980142026549433E-005 .0000000000000000 249999.99693389839
 2.6500000000000004 1.1263198672625148 -.19722267844835467E-005 .0000000000000000 249999.99940912618
 2.7000000000000006 1.1607555845070174 .21110598285577445E-005 .0000000000000000 250000.00820941600
 2.7500000000000004 1.1851960316585521 .75662157456332820E-005 .0000000000000000 250000.01821703219
 2.8000000000000003 1.1981214012412811 .49778816300993009E-005 .0000000000000000 250000.02479271605
 2.8500000000000005 1.1987281624049726 -.37974605740776560E-005 .0000000000000000 250000.02513701128
 2.9000000000000004 1.1869786064388199 -.79230020886431286E-005 .0000000000000000 250000.01911857829
 2.9500000000000006 1.1636031542066856 -.39154459451823619E-005 .0000000000000000 250000.00934476714
 3.0000000000000004 1.1300553342357962 -.17786567149989088E-006 .0000000000000000 250000.00054747344
 3.0500000000000003 1.0884216748089073 -.10029533734463194E-005 .0000000000000000 249999.99841348740
 3.1000000000000005 1.0412914913342213 .18461675366648469E-005 .0000000000000000 250000.00418244180
 3.1500000000000004 .99159491056087024 .77175415750589712E-005 .0000000000000000 250000.00944861092
 3.2000000000000006 .94242053059559971 -.27074360652391356E-005 .0000000000000000 250000.00666739850
 3.2500000000000004 .89682482795140794 -.29014024715175179E-004 .0000000000000000 250000.00321876843
 3.3000000000000003 .85764355163262063 -.32980225923704155E-004 .0000000000000000 250000.00693962153
 3.3500000000000005 .82731445170615436 .10232531941656568E-005 .0000000000000000 250000.00691198817
 3.4000000000000004 .80772325231462871 .26977103575719849E-004 .0000000000000000 249999.99220957176
 3.4500000000000006 .80008624396644801 .91897099257081379E-005 .0000000000000000 249999.97380750114
 3.5000000000000004 .80487744446379250 -.12652393499146098E-004 .0000000000000000 249999.96581717292
 3.5500000000000003 .82180036088896302 .98814522378392881E-005 .0000000000000000 249999.96330773507
 3.6000000000000005 .84980382116642195 .46341596602724555E-004 .0000000000000000 249999.96152535849
 3.6500000000000004 .88714565380610644 .27625035631964560E-004 .0000000000000000 249999.98250710304
 3.7000000000000006 .93150379731457122 -.65019508904877069E-004 .0000000000000000 250000.05543446186
 3.7500000000000004 .98012223181372460 -.20150469034197643E-003 .0000000000000000 250000.17731033664
 3.8000000000000007 1.0299776853426854 -.34493914081539596E-003 .0000000000000000 250000.30713521375
 3.8500000000000005 1.0779654285094977 -.43961483809924599E-003 .0000000000000000 250000.38281937072
 3.9000000000000004 1.1211015248401637 -.40778776472482725E-003 .0000000000000000 250000.34681776323
 3.9500000000000006 1.1567147513966469 -.22834055438449190E-003 .0000000000000000 250000.19561837500
 4.0000000000000009 1.1825963710906005 -.44467988411688466E-005 .0000000000000000 250000.01545091823
 4.0500000000000007 1.1971184949174858 .10332009425905590E-003 .0000000000000000 249999.93121655181
 4.1000000000000005 1.1993580018095782 .33337430419745895E-004 .0000000000000000 249999.98760664585
 4.1500000000000004 1.1892002274310949 -.10540064845972809E-003 .0000000000000000 250000.09513111672
 4.2000000000000002 1.1673273984432035 -.14653630551085428E-003 .0000000000000000 250000.12585301002
 4.2500000000000009 1.1350821359934122 -.53747470359175117E-004 .0000000000000000 250000.05392825798
 4.3000000000000007 1.0943663010172842 .47777602252145927E-004 .0000000000000000 249999.96868599462
 4.3500000000000005 1.0476806475747695 .49157012360121143E-004 .0000000000000000 249999.95508986054
 4.4000000000000004 .99809477353552800 -.42211840570150776E-005 .0000000000000000 249999.99550180897
 4.4500000000000002 .94885798340664351 -.10490288769137813E-004 .0000000000000000 250000.00916080712
 4.5000000000000009 .90285096656700237 .41083236109986502E-004 .0000000000000000 249999.97573463616
 4.5500000000000007 .86251214873709126 .98232477844964041E-004 .0000000000000000 249999.95657045647
 4.6000000000000005 .83035154717898785 .12328605920702352E-003 .0000000000000000 249999.98015647626
 4.6500000000000004 .80911255128136239 .82156434966968548E-004 .0000000000000000 250000.00431952099
 4.7000000000000002 .80070776414806377 -.26779189789570418E-004 .0000000000000000 250000.00991040931
 4.7500000000000009 .80469103674627029 -.11062809806256000E-003 .0000000000000000 250000.02719054226
 4.8000000000000007 .81815124148052154 -.82177915196648198E-004 .0000000000000000 250000.05360169127
 4.8500000000000005 .83750316982277118 .65260264914935707E-005 .0000000000000000 250000.05563395357
 4.9000000000000004 .86024634043105686 .57530215196362364E-004 .0000000000000000 250000.03894951494
 4.9500000000000002 .88503850019465302 .48767090018186714E-004 .0000000000000000 250000.01979841790
 5.0000000000000009 .91078086403777636 .13145434054339487E-009 .0000000000000000 250000.00000000003
