 -5.0000000000000000 3.8571430000000002 3207.3614401838909 .0000000000000000 3916666.0931709171
 -4.9000000000000004 3.8571637033628914 3207.3659257780014 .0000000000000000 3916682.0323185413
 -4.7999999999999998 3.8571618725069046 3207.3652959039114 .0000000000000000 3916680.7369576311
 -4.7000000000000002 3.8571209365947841 3207.3565620786512 .0000000000000000 3916648.7590175769
 -4.5999999999999996 3.8570659591886591 3207.3463251221310 .0000000000000000 3916604.8867249517
 -4.5000000000000000 3.8573400477809607 3207.4056427810146 .0000000000000000 3916817.9517407785
 -4.4000000000000004 3.8583776202168054 3207.6300635883872 .0000000000000000 3917621.9616053686
 -4.2999999999999998 3.8587973962835287 3207.7271703888173 .0000000000000000 3917944.1851415508
 -4.2000000000000002 3.8546467353820861 3206.8121842412152 .0000000000000000 3914738.8215439916
 -4.0999999999999996 3.8451347464506109 3204.7132286195051 .0000000000000000 3907378.8162760166
 -4.0000000000000000 3.8391354954635331 3203.3922433990642 .0000000000000000 3902723.9425113848
 -3.8999999999999999 3.8477499555225285 3205.2474077400461 .0000000000000000 3909390.0296941148
 -3.7999999999999998 3.8655361523252521 3209.1739404173072 .0000000000000000 3923132.8905039066
 -3.6999999999999997 3.8692009517351460 3210.0387017056632 .0000000000000000 3926003.3262079023
 -3.6000000000000001 3.8503071097292829 3205.8184395034605 .0000000000000000 3911456.8921605144
 -3.5000000000000000 3.8419922426759219 3204.0328895732378 .0000000000000000 3904831.2065934534
 -3.3999999999999999 3.8835082680834692 3212.8645482842894 .0000000000000000 3936844.6683888794
 -3.2999999999999998 3.9569393902243628 3227.8704439009816 .0000000000000000 3994046.3707093326
 -3.1999999999999997 3.9912702151662018 3235.2225423037648 .0000000000000000 4020755.4688486014
 -3.1000000000000001 3.9370695977355590 3224.4164209274213 .0000000000000000 3978668.3881929936
 -3.0000000000000000 3.8304029024166999 3201.2143029494191 .0000000000000000 3896229.2177377190
 -2.8999999999999999 3.7791020560995299 3189.7561506537209 .0000000000000000 3856190.1874339003
 -2.7999999999999998 3.8525799628676349 3205.5848510050691 .0000000000000000 3912549.9364070562
 -2.6999999999999997 3.9855671191035178 3233.0146283566619 .0000000000000000 4015997.5367590333
 -2.5999999999999996 4.0481373408877852 3245.6807597291618 .0000000000000000 4065128.7883371436
 -2.5000000000000000 3.9966522802323312 3235.7611943822026 .0000000000000000 4025117.2622184502
 -2.3999999999999999 3.8945664197879442 3214.8729223383893 .0000000000000000 3945615.6813311949
 -2.2999999999999998 3.8093695975570037 3196.7022090650730 .0000000000000000 3879411.6402044091
 -2.1999999999999997 3.7443511351259420 3181.7146259880069 .0000000000000000 3829647.8643525615
 -2.0999999999999996 3.6785528300211032 3164.5687291774170 .0000000000000000 3779896.0346020781
 -1.9999999999999998 3.6478644140819130 3156.7743388801523 .0000000000000000 3755501.7695071949
 -1.8999999999999999 3.7238366116771742 3176.0990295279521 .0000000000000000 3811971.5839706524
 -1.7999999999999998 3.8907388594746646 3212.9144837001149 .0000000000000000 3941475.5776893478
 -1.6999999999999997 4.0298606738429337 3239.8768787274412 .0000000000000000 4052036.6764779827
 -1.5999999999999999 4.0581675208728925 3246.3973080566384 .0000000000000000 4074070.9321778896
 -1.4999999999999998 4.0005247597690206 3238.7630248452069 .0000000000000000 4026759.7619912880
 -1.3999999999999999 3.9166526449439099 3221.8436315420408 .0000000000000000 3961544.0716771036
 -1.2999999999999998 3.8337571498899377 3198.8525902535125 .0000000000000000 3900240.1802482307
 -1.1999999999999997 3.7552092955006913 3179.7491776895104 .0000000000000000 3840487.2745579309
 -1.0999999999999999 3.6861750415381267 3171.6647557984720 .0000000000000000 3782433.8761779899
 -.99999999999999978 3.6496626503308787 3166.3541032838025 .0000000000000000 3750760.6694055037
 -.89999999999999980 3.6910225087780564 3160.9680779388855 .0000000000000000 3792314.5741337813
 -.79999999999999982 3.8357919233673177 3180.3911354210632 .0000000000000000 3913488.9951116801
 -.69999999999999973 4.0222906767515418 3239.0865324717606 .0000000000000000 4043001.6319868909
 -.59999999999999976 4.1134107985267034 3285.0315440237650 .0000000000000000 4095817.0429346031
 -.49999999999999978 4.0216901331669357 3242.3713318204655 .0000000000000000 4044318.5700302371
 -.39999999999999974 3.8132015967664867 3126.2821619154938 .0000000000000000 3934559.4595493721
 -.29999999999999971 3.6251817861346267 3027.6417333400718 .0000000000000000 3834505.2525745798
 -.19999999999999973 3.5100657116756144 2982.9770119622463 .0000000000000000 3758505.2695078347
 -.99999999999999728E-001 3.4807111747874275 2999.1482006709093 .0000000000000000 3713228.5374041055
 .27755575615628914E-015 3.5912326661093865 3109.5152194393268 .0000000000000000 3740175.1612823284
 .10000000000000028 3.7843811785894776 3238.2543865234479 .0000000000000000 3823897.9225398423
 .20000000000000029 3.8912917035899741 3246.6105697028115 .0000000000000000 3913121.6440203958
 .30000000000000027 3.9227401661053038 3187.0839872275124 .0000000000000000 3993389.6869504424
 .40000000000000030 4.0246798191005722 3211.7094450672857 .0000000000000000 4043945.3829898685
 .50000000000000033 4.1225577229422701 3289.0098675393901 .0000000000000000 4061262.4449084564
 .60000000000000031 3.9952650259754310 3249.7796998586223 .0000000000000000 4031016.3859697836
 .70000000000000029 3.7457229982512374 3117.0523177274749 .0000000000000000 3902647.8359959922
 .80000000000000027 3.7563277437869695 3178.8399908306142 .0000000000000000 3810995.0586047820
 .90000000000000036 3.8986943153254243 3361.1825762225226 .0000000000000000 3848959.7635458368
 1.0000000000000004 3.4398100360490811 2935.4688702448652 .0000000000000000 3427974.3798163310
 1.1000000000000003 2.2871972335606272 1678.1738086396608 .0000000000000000 2060334.2627919882
 1.2000000000000004 1.3470285800147395 508.68724458364403 .0000000000000000 669035.04114843579
 1.3000000000000003 1.1164804515617759 83.873243464330415 .0000000000000000 236705.43274732592
 1.4000000000000004 1.1745107281308227 37.916054550164510 .0000000000000000 285902.38327483181
 1.5000000000000004 1.1864689559212940 .99667225262257730 .0000000000000000 252432.59513464841
 1.6000000000000003 1.1883907220541989 -7.4403099363610412 .0000000000000000 238986.52014588666
 1.7000000000000004 1.1647073007266986 3.3821284617251259 .0000000000000000 255675.53639816176
 1.8000000000000003 1.0822730231325546 -.12731035954287517 .0000000000000000 249075.95438683321
 1.9000000000000004 .98326104651624702 -.87759317742368159 .0000000000000000 249226.31236199554
 2.0000000000000004 .89234261917976676 .62927581299559654 .0000000000000000 250728.84913429891
 2.1000000000000005 .82401859610758166 -.12735482317052382 .0000000000000000 249744.97527377159
 2.2000000000000002 .79988887715234958 -.10404798664420313 .0000000000000000 249964.89422541513
 2.3000000000000003 .82525598508044684 .10537066842804022 .0000000000000000 250079.70405350166
 2.4000000000000004 .89265002682273420 -.45505727806404515E-001 .0000000000000000 249965.16994700427
 2.5000000000000004 .98665038014009177 -.11428754068127340E-001 .0000000000000000 249992.98913399829
 2.6000000000000005 1.0839971120884404 .10147142554426969E-001 .0000000000000000 250012.78460049853
 2.7000000000000006 1.1606828560214475 -.11073178762615290E-001 .0000000000000000 249998.05115313598
 2.8000000000000003 1.1980873092231843 -.19180840063908440E-002 .0000000000000000 250003.90346477664
 2.9000000000000004 1.1869360149282577 .25764849964393043E-002 .0000000000000000 250005.59511843362
 3.0000000000000004 1.1299701074456023 .27602925562602793E-002 .0000000000000000 249999.56472143048
 3.1000000000000005 1.0412303412331176 .57236528489422742E-002 .0000000000000000 249998.41474024495
 3.2000000000000006 .94243763326409258 .58608237706878003E-002 .0000000000000000 249998.49691003890
 3.3000000000000003 .85771710969886694 .38023153852328496E-002 .0000000000000000 249998.86425586813
 3.4000000000000004 .80779081359992877 .13615820409255293E-002 .0000000000000000 249999.45776750555
 3.5000000000000004 .80496647759078943 -.17476433264544196E-002 .0000000000000000 249999.32204410821
 3.6000000000000005 .84997833845440574 -.44294957037119146E-002 .0000000000000000 249998.69049574016
 3.7000000000000006 .93163714530162067 -.54314102574297505E-002 .0000000000000000 249997.97461384156
 3.8000000000000007 1.0297926264710020 -.44469133341386155E-002 .0000000000000000 249998.08041763384
 3.9000000000000004 1.1206808404699089 -.18025783861233696E-002 .0000000000000000 249999.39396010461
 4.0000000000000009 1.1825319781617800 .10190652920934820E-002 .0000000000000000 250001.01057495057
 4.1000000000000005 1.2000092016269290 .26282526433952418E-002 .0000000000000000 250001.93162732266
 4.2000000000000002 1.1677741864139430 .32036705184002225E-002 .0000000000000000 250001.76414857915
 4.3000000000000007 1.0932868828134243 .34166432005267827E-002 .0000000000000000 250000.85200275012
 4.4000000000000004 .99652863812557713 .33676808456662684E-002 .0000000000000000 250000.10935410485
 4.5000000000000009 .90380722345508435 .28271057673258421E-002 .0000000000000000 249999.82827889879
 4.6000000000000005 .83712628681940127 .16062237216803259E-002 .0000000000000000 249999.62759888751
 4.7000000000000002 .80584456000657401 .73471945928591900E-004 .0000000000000000 249999.38488323189
 4.8000000000000007 .80638418896096109 -.91938807668058608E-003 .0000000000000000 249999.09327734745
 4.9000000000000004 .82823949992066681 -.89294274421930790E-003 .0000000000000000 249999.19514167958
 5.0000000000000009 .86078043855087527 -.35311058633808552E-007 .0000000000000000 250000.00000000003
