 -5.0000000000000000 3.8571430000000002 3207.3366311888435 .0000000000000000 3916666.0931709171
 -4.9000000000000004 3.8553320144903243 3207.1041389189104 .0000000000000000 3915469.9364874274
 -4.7999999999999998 3.8513873393366231 3205.9168696054307 .0000000000000000 3912270.3281568126
 -4.7000000000000002 3.8469837796814699 3203.9048474501524 .0000000000000000 3908368.5922912690
 -4.5999999999999996 3.8535543622706854 3207.0545761555150 .0000000000000000 3915094.3811659347
 -4.5000000000000000 3.8754079253264200 3215.8288482768958 .0000000000000000 3932889.8514203583
 -4.4000000000000004 3.8757790043157225 3211.1906991457881 .0000000000000000 3925373.9403402531
 -4.2999999999999998 3.8385700991207790 3201.1729035008289 .0000000000000000 3900573.9083687779
 -4.2000000000000002 3.8336024254040724 3204.6829940730181 .0000000000000000 3912549.7061051861
 -4.0999999999999996 3.9298881034343660 3218.8477475760642 .0000000000000000 3968815.1456021224
 -4.0000000000000000 4.0513437910455554 3256.0981035194764 .0000000000000000 4050243.0680720014
 -3.8999999999999999 3.9714893102092881 3235.2870418955918 .0000000000000000 4031337.9739007438
 -3.7999999999999998 3.7314626651038512 3138.5775122132759 .0000000000000000 3842780.3700274653
 -3.6999999999999997 3.7624865156005205 3225.6426261834517 .0000000000000000 3803891.6273706253
 -3.6000000000000001 3.9314094732121805 3309.1228491573720 .0000000000000000 3944835.6745076706
 -3.5000000000000000 3.7026418467815909 2957.7807607357736 .0000000000000000 3884833.0719734677
 -3.3999999999999999 3.5800009778706268 2804.6245097986671 .0000000000000000 3919658.8493470498
 -3.2999999999999998 3.8606765578980116 3074.7324613631358 .0000000000000000 3901470.4292182829
 -3.1999999999999997 3.2988212689652556 2426.1663318280189 .0000000000000000 2688404.7059364091
 -3.1000000000000001 1.7735429558821207 891.74621453266025 .0000000000000000 912892.41851212631
 -3.0000000000000000 .88154361776594103 75.946263426553870 .0000000000000000 226132.83971698617
 -2.8999999999999999 .86283195771370647 53.555613268960968 .0000000000000000 299689.74589898746
 -2.7999999999999998 .84598421163541204 25.557587636076974 .0000000000000000 267439.64768352138
 -2.6999999999999997 .80595405138561582 -18.659694097624538 .0000000000000000 228520.97846629628
 -2.5999999999999996 .91869397935632091 3.7543398569037945 .0000000000000000 256071.77423753115
 -2.5000000000000000 1.0234600958995319 2.9867341425936451 .0000000000000000 252511.55920829551
 -2.3999999999999999 1.1002897474148672 -2.7309448576266213 .0000000000000000 247201.38622659442
 -2.2999999999999998 1.1757841202172106 .68733388734566914 .0000000000000000 250851.62203886456
 -2.1999999999999997 1.2018949409314497 .40834664459821396 .0000000000000000 250284.06261785579
 -2.0999999999999996 1.1746462125625048 -.39268616657982625 .0000000000000000 249662.89444553581
 -1.9999999999999998 1.1089768289324944 .96542375697450833E-001 .0000000000000000 250098.49032432536
 -1.8999999999999999 1.0152718205788325 .49984865597984582E-001 .0000000000000000 250034.13487877598
 -1.7999999999999998 .91738283962947420 -.41607742075812928E-001 .0000000000000000 249959.38115033621
 -1.6999999999999997 .84035706916936792 .17045423269922921E-001 .0000000000000000 250008.71264898023
 -1.5999999999999999 .80216863665158633 .48651117496484710E-002 .0000000000000000 250000.73171143237
 -1.4999999999999998 .81239275711766179 -.75063042437524333E-002 .0000000000000000 249992.60442159264
 -1.3999999999999999 .86861513379087774 -.30434957364219753E-002 .0000000000000000 249999.43358354887
 -1.2999999999999998 .95696900991580469 -.39480938351356062E-002 .0000000000000000 249999.44173885434
 -1.1999999999999997 1.0558702889859746 -.22167183328662028E-002 .0000000000000000 250000.44142362472
 -1.0999999999999999 1.1411030910745916 .76783206390594019E-003 .0000000000000000 250002.57600905845
 -.99999999999999978 1.1917844893838161 .71240463089645555E-003 .0000000000000000 250002.73062795735
 -.89999999999999980 1.1955064976791081 -.69637693472705678E-003 .0000000000000000 250002.74100615026
 -.79999999999999982 1.1513555632595500 -.78551790572040168E-003 .0000000000000000 250002.55615646706
 -.69999999999999973 1.0701458415169895 .12628252779619189E-002 .0000000000000000 250001.30352656753
 -.59999999999999976 .97176687670358441 .39902312759772978E-002 .0000000000000000 249999.44022858210
 -.49999999999999978 .88030724335109012 .50746826317906680E-002 .0000000000000000 249997.95044871990
 -.39999999999999974 .81815564937800700 .33030618850478461E-002 .0000000000000000 249997.17872819153
 -.29999999999999971 .80052125857076273 -.55138541171779283E-003 .0000000000000000 249997.00494444152
 -.19999999999999973 .83171801222450015 -.40754052505216753E-002 .0000000000000000 249997.35769427175
 -.99999999999999728E-001 .90411303573180890 -.51128551635329991E-002 .0000000000000000 249998.31124891434
 .27755575615628914E-015 .99998911884124264 -.33833127984419383E-002 .0000000000000000 249999.98356289542
 .10000000000000028 1.0958750945244822 -.50051897090844471E-003 .0000000000000000 250001.77425807220
 .20000000000000029 1.1682911693619942 .10485298701335671E-002 .0000000000000000 250002.71992167356
 .30000000000000027 1.1995004709063046 .26524633190258665E-003 .0000000000000000 250002.85307701578
 .40000000000000030 1.1818578580397001 -.88415245808545881E-003 .0000000000000000 250002.69537903188
 .50000000000000033 1.1196860628491487 -.14786328536556630E-004 .0000000000000000 250002.00288585547
 .60000000000000031 1.0282134558923881 .25213523728224501E-002 .0000000000000000 250000.48257579474
 .70000000000000029 .92983936628752217 .44878101788516185E-002 .0000000000000000 249998.83820815524
 .80000000000000027 .84864779589081951 .42007859233727162E-002 .0000000000000000 249997.75444146676
 .90000000000000036 .80451144449053180 .14909817607121835E-002 .0000000000000000 249997.21077870677
 1.0000000000000004 .80823109441375995 -.20889590708288645E-002 .0000000000000000 249997.21979622263
 1.1000000000000003 .85889746741644069 -.43098136201583431E-002 .0000000000000000 249997.80748798035
 1.2000000000000004 .94411165494444571 -.41353800106785424E-002 .0000000000000000 249999.00194551295
 1.3000000000000003 1.0430140831733339 -.20719582376581584E-002 .0000000000000000 250000.70043384598
 1.4000000000000004 1.1313901175188998 .20563044674472893E-003 .0000000000000000 250002.08885411729
 1.5000000000000004 1.1875988865121514 .70657474990358819E-003 .0000000000000000 250002.64381314651
 1.6000000000000003 1.1978726328676184 -.51602943749807823E-003 .0000000000000000 250002.80429589469
 1.7000000000000004 1.1596933954678343 -.97757878970855397E-003 .0000000000000000 250002.64613103980
 1.8000000000000003 1.0824131548072129 .89093637057681765E-003 .0000000000000000 250001.55778422617
 1.9000000000000004 .98495954380287332 .37574615304077929E-002 .0000000000000000 249999.69295141054
 2.0000000000000004 .89119566307907538 .51787428995213455E-002 .0000000000000000 249998.08943481208
 2.1000000000000005 .82407481631745194 .37369625632027496E-002 .0000000000000000 249997.23471946377
 2.2000000000000002 .80002259459852820 -.34968010833732357E-004 .0000000000000000 249996.98111869275
 2.3000000000000003 .82492335790499027 -.37858016337339751E-002 .0000000000000000 249997.24591247286
 2.4000000000000004 .89268505036115320 -.51809257515181631E-002 .0000000000000000 249998.11209448474
 2.5000000000000004 .98672529490751182 -.37182432811562276E-002 .0000000000000000 249999.72665391196
 2.6000000000000005 1.0840229826466039 -.84365987699504881E-003 .0000000000000000 250001.58821321506
 2.7000000000000006 1.1607528352673675 .99171012145633265E-003 .0000000000000000 250002.65905340386
 2.8000000000000003 1.1981224863379059 .49889095950311530E-003 .0000000000000000 250002.80154446271
 2.9000000000000004 1.1869782661852200 -.70318383580019275E-003 .0000000000000000 250002.62784138983
 3.0000000000000004 1.1300495843734755 -.15682184063259123E-003 .0000000000000000 250002.05610293528
 3.1000000000000005 1.0412828606374382 .21198594391594744E-002 .0000000000000000 250000.66112419247
 3.2000000000000006 .94241742002616602 .41245083156975382E-002 .0000000000000000 249998.98183977202
 3.3000000000000003 .85764806068286881 .42384348757448353E-002 .0000000000000000 249997.81101309718
 3.4000000000000004 .80772784728407654 .20109301359231791E-002 .0000000000000000 249997.22282356591
 3.5000000000000004 .80490183938963011 -.15216236839222781E-002 .0000000000000000 249997.21346406196
 3.6000000000000005 .84982715162523725 -.41997521786702264E-002 .0000000000000000 249997.80791495388
 3.7000000000000006 .93145858396511039 -.44880885739771925E-002 .0000000000000000 249998.93892680047
 3.8000000000000007 1.0299483019313203 -.24230186772238463E-002 .0000000000000000 250000.44895436338
 3.9000000000000004 1.1212244844113297 .23817660233452966E-003 .0000000000000000 250001.76803787987
 4.0000000000000009 1.1825615254300501 .71043197597128900E-003 .0000000000000000 250002.81362383626
 4.1000000000000005 1.1990478689077932 -.14518735971783966E-002 .0000000000000000 250003.95707064911
 4.2000000000000002 1.1675181372233763 -.25839828683205152E-002 .0000000000000000 250004.14692754066
 4.3000000000000007 1.0950542178153988 .40212239826992570E-003 .0000000000000000 250002.10294856862
 4.4000000000000004 .99760261771578285 .51251502619666265E-002 .0000000000000000 249999.32320681022
 4.5000000000000009 .90123622353889210 .66328843829281401E-002 .0000000000000000 249998.14276147023
 4.6000000000000005 .83395568401341458 .38633422709870432E-002 .0000000000000000 249998.35628202392
 4.7000000000000002 .80720924591387688 .71583454205624686E-004 .0000000000000000 249998.46178505139
 4.8000000000000007 .81194519664799070 -.19369378781953516E-002 .0000000000000000 249998.13170280424
 4.9000000000000004 .83327195322335557 -.17491217392811276E-002 .0000000000000000 249998.46219050433
 5.0000000000000009 .86078043855087527 -.16379979366759408E-007 .0000000000000000 250000.00000000003
