 -5.0000000000000000 3.8571430000000002 3207.1350899560612 .0000000000000000 3916666.0931709171
 -4.9500000000000002 3.8573270930625521 3207.1997333540658 .0000000000000000 3916811.5688352967
 -4.9000000000000004 3.8576195881822763 3207.2766831771246 .0000000000000000 3917035.1801416031
 -4.8499999999999996 3.8579129304674349 3207.2422881588423 .0000000000000000 3917235.5701093664
 -4.7999999999999998 3.8577382220112635 3206.8551648483026 .0000000000000000 3917066.2790345647
 -4.7500000000000000 3.8569160771401947 3206.5742390589226 .0000000000000000 3916555.3249892248
 -4.7000000000000002 3.8567832099929107 3207.5573457768010 .0000000000000000 3916704.6363139148
 -4.6500000000000004 3.8583156731215786 3208.8723425370408 .0000000000000000 3917665.1195797254
 -4.5999999999999996 3.8589188691584209 3207.5387064206197 .0000000000000000 3917390.5493229735
 -4.5499999999999998 3.8559852742481127 3204.5209456896941 .0000000000000000 3915169.4683569199
 -4.5000000000000000 3.8533676128874466 3205.4564886231847 .0000000000000000 3914481.6145907878
 -4.4500000000000002 3.8569141065950894 3210.3448307646258 .0000000000000000 3917776.4430012680
 -4.4000000000000004 3.8627411410339048 3210.2977357899099 .0000000000000000 3920548.5471034828
 -4.3499999999999996 3.8602512338559420 3203.1387549165252 .0000000000000000 3917317.3839159370
 -4.2999999999999998 3.8502702562620961 3201.4559326473814 .0000000000000000 3911770.2268824116
 -4.2500000000000000 3.8482030692800104 3211.2454688786906 .0000000000000000 3912369.3343968685
 -4.2000000000000002 3.8617723585284685 3216.2618531469998 .0000000000000000 3919400.1690866486
 -4.1500000000000004 3.8754125415801686 3204.5817322808880 .0000000000000000 3925544.2665041075
 -4.0999999999999996 3.8671954378547122 3195.1458725458592 .0000000000000000 3924969.9651782429
 -4.0499999999999998 3.8386807670633614 3207.6491330361782 .0000000000000000 3912598.9205040871
 -4.0000000000000000 3.8203545569719526 3221.4133970473445 .0000000000000000 3890657.2700950387
 -3.9499999999999997 3.8452746824539932 3207.0187708065482 .0000000000000000 3890565.3420378412
 -3.8999999999999999 3.9187373596236990 3188.6658311274373 .0000000000000000 3953406.2845547157
 -3.8500000000000001 4.0064325922359361 3217.7862535540849 .0000000000000000 4056022.9117287062
 -3.7999999999999998 4.0373355547380445 3276.0704070424531 .0000000000000000 4087346.7446765043
 -3.7500000000000000 3.9349286136048733 3268.1266477167728 .0000000000000000 3953851.0173887559
 -3.6999999999999997 3.7062956295732445 3158.1184159626041 .0000000000000000 3730858.6145242681
 -3.6499999999999999 3.5093908077565770 3062.2412202276651 .0000000000000000 3638287.2426709263
 -3.6000000000000001 3.5326174217727648 3105.9724788834546 .0000000000000000 3763868.3553627892
 -3.5499999999999998 3.7612924414968356 3225.4251413064867 .0000000000000000 3912738.6291665966
 -3.5000000000000000 3.9773300891914478 3264.0852244133207 .0000000000000000 3912371.7657151958
 -3.4499999999999997 4.0368182865259428 3227.4261051202379 .0000000000000000 3903549.2937989538
 -3.3999999999999999 4.0037855760725387 3233.2353295111188 .0000000000000000 4063419.8651476032
 -3.3500000000000001 3.9755754087434449 3257.6383871225562 .0000000000000000 4221910.3368329573
 -3.2999999999999998 3.9653761635766900 3189.8909194011108 .0000000000000000 4107849.9240167020
 -3.2500000000000000 4.0056543929297375 3116.0132563759144 .0000000000000000 3864818.3274098122
 -3.1999999999999997 4.1558661657946301 3252.4528071821110 .0000000000000000 3907121.8658696734
 -3.1499999999999999 4.3166040796483163 3540.6542165685532 .0000000000000000 4257174.3477951279
 -3.1000000000000001 4.2262167330451499 3586.1648032727589 .0000000000000000 4409517.0037260782
 -3.0499999999999998 3.7898113491508392 3160.9445825106823 .0000000000000000 3991164.5522466558
 -3.0000000000000000 3.3122651388021853 2609.4284763533192 .0000000000000000 3348245.4456747337
 -2.9499999999999997 3.2443359680356547 2551.5897435897969 .0000000000000000 3228554.9955927311
 -2.8999999999999999 3.6753715203228046 3149.4495971694050 .0000000000000000 3840883.7313580178
 -2.8500000000000001 4.1789619026011957 3823.2240770810208 .0000000000000000 4492703.0882586250
 -2.7999999999999998 4.2406654868170754 3858.2543892468484 .0000000000000000 4378985.3908160524
 -2.7500000000000000 3.7889445835989637 3194.9550573116944 .0000000000000000 3522154.5596024585
 -2.6999999999999997 3.2496318127783033 2467.6463796034113 .0000000000000000 2720141.3989634407
 -2.6499999999999999 3.1401078159691274 2400.5430571677712 .0000000000000000 2815653.7670570845
 -2.5999999999999996 3.5770105754098744 3136.7469479128054 .0000000000000000 3952800.0035898671
 -2.5499999999999998 4.0508544102962238 3878.1645139305856 .0000000000000000 5055726.3038601885
 -2.5000000000000000 3.8510852249405940 3539.1043324471530 .0000000000000000 4627594.1859637350
 -2.4499999999999997 2.9069067021902941 2131.2542882764501 .0000000000000000 2735960.2608052539
 -2.3999999999999999 1.8920833623756574 774.41625164155914 .0000000000000000 1012416.5741208780
 -2.3499999999999996 1.3536453985680279 160.98533984071915 .0000000000000000 355225.85504321614
 -2.2999999999999998 1.2163474543980843 28.758430176268860 .0000000000000000 274171.36200170533
 -2.2500000000000000 1.2007898648850355 3.3527754069556579 .0000000000000000 254515.33269645105
 -2.1999999999999997 1.1977435915714991 -2.9099289597462770 .0000000000000000 245312.95724712452
 -2.1499999999999999 1.1934678135726275 .17604197963780460 .0000000000000000 250864.45342401779
 -2.0999999999999996 1.1764737113113524 .26864289046152534 .0000000000000000 250305.02046576943
 -2.0499999999999998 1.1467200172951539 -.19984109570532252 .0000000000000000 249672.20348296940
 -1.9999999999999998 1.1087982145518283 .82864950286025932E-001 .0000000000000000 250171.72207471033
 -1.9499999999999997 1.0639891996474957 .16300089111015562E-001 .0000000000000000 249972.56580550151
 -1.8999999999999999 1.0149879391960681 -.29090460801717725E-001 .0000000000000000 249979.98119131845
 -1.8499999999999999 .96522139635395854 .12859492361766658E-001 .0000000000000000 250018.47300991102
 -1.7999999999999998 .91758823972350778 .59634244567416004E-003 .0000000000000000 249992.72212896639
 -1.7499999999999998 .87504952782384071 -.34712599634976918E-002 .0000000000000000 250000.41539139239
 -1.6999999999999997 .84030297011284227 .20912390289507302E-002 .0000000000000000 250001.18209921615
 -1.6499999999999999 .81548115079347572 -.12990188827348057E-003 .0000000000000000 249999.16747888966
 -1.5999999999999999 .80212912074065990 -.28117458827881707E-003 .0000000000000000 250000.25635667311
 -1.5499999999999998 .80108203985889737 .21683497572579360E-003 .0000000000000000 250000.01463735642
 -1.4999999999999998 .81240096593950262 -.18566178533738130E-003 .0000000000000000 249999.94114777094
 -1.4499999999999997 .83538384287785161 -.13561808990013763E-003 .0000000000000000 249999.99599023664
 -1.3999999999999999 .86860290601934509 -.95291870344927835E-004 .0000000000000000 249999.94960933932
 -1.3499999999999999 .90999170109523586 -.16779810576081870E-003 .0000000000000000 249999.96005724417
 -1.2999999999999998 .95697622449699471 -.20360371480363231E-003 .0000000000000000 249999.96079421867
 -1.2499999999999998 1.0066352721381038 -.22575039940532851E-003 .0000000000000000 249999.95396347760
 -1.1999999999999997 1.0558819223788927 -.20899621724955594E-003 .0000000000000000 249999.96358378159
 -1.1499999999999997 1.1016546865297299 -.16607286744462074E-003 .0000000000000000 249999.99517843619
 -1.0999999999999999 1.1411074162896242 -.12606847514955727E-003 .0000000000000000 250000.03633642540
 -1.0499999999999998 1.1717867361947492 -.91269165822460875E-004 .0000000000000000 250000.06707592797
 -.99999999999999978 1.1917849845279098 -.53522475016075262E-004 .0000000000000000 250000.08275880871
 -.94999999999999973 1.1998587881041183 -.71440424483395378E-005 .0000000000000000 250000.08781605805
 -.89999999999999980 1.1955061993693052 .41110114724452971E-004 .0000000000000000 250000.08492385835
 -.84999999999999976 1.1789978183019907 .81139430476333084E-004 .0000000000000000 250000.07282621402
 -.79999999999999982 1.1513600113594920 .11526192501192644E-003 .0000000000000000 250000.04714787094
 -.74999999999999978 1.1143112584666106 .15332704388179902E-003 .0000000000000000 250000.00826637691
 -.69999999999999973 1.0701554148384553 .19540323092529166E-003 .0000000000000000 249999.97133512032
 -.64999999999999980 1.0216382090729326 .22413475762129441E-003 .0000000000000000 249999.95563372373
 -.59999999999999976 .97177601530846847 .21626038638354532E-003 .0000000000000000 249999.95886757219
 -.54999999999999971 .92366832506935725 .17128966955275878E-003 .0000000000000000 249999.96111216742
 -.49999999999999978 .88030590051752855 .12680082199761482E-003 .0000000000000000 249999.95751354724
 -.44999999999999973 .84438542808634209 .11769349207325439E-003 .0000000000000000 249999.96277485671
 -.39999999999999974 .81814106165299361 .11823016058262346E-003 .0000000000000000 249999.98301079636
 -.34999999999999976 .80320427871568956 .69157897136944176E-004 .0000000000000000 250000.00446235191
 -.29999999999999971 .80050271590381006 -.28995985094408782E-004 .0000000000000000 250000.00937707815
 -.24999999999999972 .81020403327146240 -.10574358023755192E-003 .0000000000000000 249999.99366454888
 -.19999999999999973 .83170595807777337 -.12102478148056776E-003 .0000000000000000 249999.97053314935
 -.14999999999999974 .86367238971995508 -.11756703707728709E-003 .0000000000000000 249999.95788860286
 -.99999999999999728E-001 .90411539606044988 -.14756555969151110E-003 .0000000000000000 249999.95908648326
 -.49999999999999725E-001 .95051954201556177 -.19938127509873006E-003 .0000000000000000 249999.96032089961
 .27755575615628914E-015 .99999954632766808 -.22674179780362688E-003 .0000000000000000 249999.95550256167
 .50000000000000280E-001 1.0494796602210843 -.21149613722896087E-003 .0000000000000000 249999.96108670346
 .10000000000000028 1.0958839379963032 -.17153034663539214E-003 .0000000000000000 249999.99049565502
 .15000000000000030 1.1363270316882126 -.13026771956938164E-003 .0000000000000000 250000.03150487196
 .20000000000000029 1.1682939801558199 -.95341640967854511E-004 .0000000000000000 250000.06362591663
 .25000000000000028 1.1897970238922542 -.58904993570883340E-004 .0000000000000000 250000.08042294739
 .30000000000000027 1.1994992177334141 -.13370319633755338E-004 .0000000000000000 250000.08614351231
 .35000000000000031 1.1967973760228003 .35463324083181206E-004 .0000000000000000 250000.08432894552
 .40000000000000030 1.1818594723623013 .76516467531539603E-004 .0000000000000000 250000.07429703319
 .45000000000000029 1.1556142217644214 .11018798930728710E-003 .0000000000000000 250000.05160760097
 .50000000000000033 1.1196934878175258 .14664093545427230E-003 .0000000000000000 250000.01467074399
 .55000000000000027 1.0763309639000280 .18856755972406394E-003 .0000000000000000 249999.97633708300
 .60000000000000031 1.0282230959908898 .22097208411128575E-003 .0000000000000000 249999.95727114700
 .65000000000000036 .97836090085030347 .21933541405741246E-003 .0000000000000000 249999.95895173491
 .70000000000000029 .92984388405439344 .17730863428615725E-003 .0000000000000000 249999.96164585452
 .75000000000000033 .88568813301216753 .12875002723140608E-003 .0000000000000000 249999.95745449382
 .80000000000000027 .84863955579679240 .11484136142220032E-003 .0000000000000000 249999.96055881973
 .85000000000000031 .82100253815184476 .11921509571718710E-003 .0000000000000000 249999.97961966594
 .90000000000000036 .80449532108833377 .79746953693607883E-004 .0000000000000000 250000.00251698887
 .95000000000000029 .80014317769501109 -.15599743593576925E-004 .0000000000000000 250000.01040303518
 1.0000000000000004 .80821620816790929 -.99232225401847267E-004 .0000000000000000 249999.99670947072
 1.0500000000000003 .82821329369722141 -.12006995021406175E-003 .0000000000000000 249999.97302530659
 1.1000000000000003 .85889202975265300 -.11383968181081898E-003 .0000000000000000 249999.95810178213
 1.1500000000000004 .89834468168131365 -.13922093364518033E-003 .0000000000000000 249999.95834670420
 1.2000000000000004 .94411733559990485 -.19227644872741529E-003 .0000000000000000 249999.96106658847
 1.2500000000000004 .99336383558618713 -.22519663378708511E-003 .0000000000000000 249999.95683523954
 1.3000000000000003 1.0430229240129907 -.21438693870938144E-003 .0000000000000000 249999.95986407544
 1.3500000000000003 1.0900076122446631 -.17576621651308889E-003 .0000000000000000 249999.98634333874
 1.4000000000000004 1.1313965304380444 -.13415444862521290E-003 .0000000000000000 250000.02680416891
 1.4500000000000004 1.1646159012181441 -.99271425644861607E-004 .0000000000000000 250000.05982085457
 1.5000000000000004 1.1876000605580537 -.64054471867519661E-004 .0000000000000000 250000.07729673843
 1.5500000000000003 1.1989199605324228 -.19573002738285222E-004 .0000000000000000 250000.08350263839
 1.6000000000000003 1.1978718407017577 .29764168309351084E-004 .0000000000000000 250000.08274856687
 1.6500000000000004 1.1845208641069871 .71832488773061940E-004 .0000000000000000 250000.07499202713
 1.7000000000000004 1.1596970729941283 .10499350685423247E-003 .0000000000000000 250000.05571793384
 1.7500000000000004 1.1249439187377570 .13957190854877228E-003 .0000000000000000 250000.02133757109
 1.8000000000000003 1.0824224702526994 .18093843891115962E-003 .0000000000000000 249999.98213622696
 1.8500000000000003 1.0347769155743545 .21672237201950372E-003 .0000000000000000 249999.95972714841
 1.9000000000000004 .98496961957312457 .22137294568700243E-003 .0000000000000000 249999.95939318949
 1.9500000000000004 .93609669715045862 .18267596936719042E-003 .0000000000000000 249999.96217340490
 2.0000000000000004 .89119624607708747 .13031585339781635E-003 .0000000000000000 249999.95740700720
 2.0500000000000003 .85306036420578080 .11124439794459055E-003 .0000000000000000 249999.95842872059
 2.1000000000000005 .82406111905273094 .11887048770714860E-003 .0000000000000000 249999.97619725391
 2.1500000000000004 .80600162791188235 .89299949740675902E-004 .0000000000000000 250000.00037225880
 2.2000000000000002 .80000369082815004 -.19820916476675843E-005 .0000000000000000 250000.01118071078
 2.2500000000000004 .80643955722602922 -.91585260397061970E-004 .0000000000000000 249999.99960604444
 2.3000000000000003 .82490979792501906 -.11818972070585122E-003 .0000000000000000 249999.97554339768
 2.3500000000000005 .85426705778289191 -.10974067772124749E-003 .0000000000000000 249999.95838795902
 2.4000000000000004 .89268590612443666 -.13048887747846530E-003 .0000000000000000 249999.95756561615
 2.4500000000000006 .93777666563755580 -.18436303829476484E-003 .0000000000000000 249999.96186951862
 2.5000000000000004 .98673544023695559 -.22260799832941167E-003 .0000000000000000 249999.95871678283
 2.5500000000000003 1.0365188247999142 -.21638616759089185E-003 .0000000000000000 249999.95961795360
 2.6000000000000005 1.0840321826871355 -.17953292133511878E-003 .0000000000000000 249999.98312350461
 2.6500000000000004 1.1263213433954038 -.13809190669577265E-003 .0000000000000000 250000.02273506651
 2.7000000000000006 1.1607565527421071 -.10383760915479203E-003 .0000000000000000 250000.05652959907
 2.7500000000000004 1.1851965186514015 -.70688330849404064E-004 .0000000000000000 250000.07493852329
 2.8000000000000003 1.1981216627328586 -.28282235566319995E-004 .0000000000000000 250000.08212092394
 2.8500000000000005 1.1987284197981185 .21201954192506325E-004 .0000000000000000 250000.08262976332
 2.9000000000000004 1.1869790659136863 .65394464071946010E-004 .0000000000000000 250000.07634434052
 2.9500000000000006 1.1636040622649906 .10027631323424503E-003 .0000000000000000 250000.05875369709
 3.0000000000000004 1.1300567613870487 .13512212120169435E-003 .0000000000000000 250000.02558360092
 3.0500000000000003 1.0884232236305116 .17677910354308769E-003 .0000000000000000 249999.98535588107
 3.1000000000000005 1.0412924390424487 .21499253117710299E-003 .0000000000000000 249999.95968876180
 3.1500000000000004 .99159484701248213 .22460195750960234E-003 .0000000000000000 249999.95728124521
 3.2000000000000006 .94241980182356444 .19023964921764994E-003 .0000000000000000 249999.96127319278
 3.2500000000000004 .89682411999860234 .13692669104845329E-003 .0000000000000000 249999.95813814187
 3.3000000000000003 .85764301015941191 .11278423415513033E-003 .0000000000000000 249999.95816127118
 3.3500000000000005 .82731352487099330 .11966587945440397E-003 .0000000000000000 249999.97367572907
 3.4000000000000004 .80772159602761928 .97309856853791275E-004 .0000000000000000 249999.99749634543
 3.4500000000000006 .80008440048563001 .11960552919005775E-004 .0000000000000000 250000.01068208844
 3.5000000000000004 .80487610864489023 -.82477881076316415E-004 .0000000000000000 250000.00201670112
 3.5500000000000003 .82179930709214599 -.11927099630808024E-003 .0000000000000000 249999.97871878665
 3.6000000000000005 .84980257212717558 -.11379721931846208E-003 .0000000000000000 249999.95998874234
 3.6500000000000004 .88714499834774418 -.12912889245411758E-003 .0000000000000000 249999.95746220896
 3.7000000000000006 .93150453385319099 -.17909460201454952E-003 .0000000000000000 249999.96178574662
 3.7500000000000004 .98012212695072021 -.22016990004484146E-003 .0000000000000000 249999.95907206985
 3.8000000000000007 1.0299741332241199 -.21970925712576025E-003 .0000000000000000 249999.95804014060
 3.8500000000000005 1.0779630573469241 -.18752015804431683E-003 .0000000000000000 249999.97861236063
 3.9000000000000004 1.1211080671650979 -.14890668846059745E-003 .0000000000000000 250000.01930877726
 3.9500000000000006 1.1567228026539795 -.11632790267188509E-003 .0000000000000000 250000.05933559607
 4.0000000000000009 1.1825866859079435 -.87923913822188999E-004 .0000000000000000 250000.08594405660
 4.0500000000000007 1.1970994859209414 -.58543533784625047E-004 .0000000000000000 250000.10386253899
 4.1000000000000005 1.1993715417732107 -.23296311471402491E-004 .0000000000000000 250000.11759763141
 4.1500000000000004 1.1892444819678103 .30455133871389674E-004 .0000000000000000 250000.10771963387
 4.2000000000000002 1.1673203483868659 .12337222193748674E-003 .0000000000000000 250000.04019824148
 4.2500000000000009 1.1349966027081420 .25182852617575781E-003 .0000000000000000 249999.92170092496
 4.3000000000000007 1.0943442367910312 .34459989370658753E-003 .0000000000000000 249999.83538107912
 4.3500000000000005 1.0478285787045196 .29268616926080829E-003 .0000000000000000 249999.88803070376
 4.4000000000000004 .99820649359128344 .73711266752847160E-004 .0000000000000000 250000.09808651829
 4.4500000000000002 .94866082241931249 -.17996604524473170E-003 .0000000000000000 250000.32965147001
 4.5000000000000009 .90256572829388193 -.28903489651824519E-003 .0000000000000000 250000.39240629887
 4.5500000000000007 .86267981831809482 -.18430173923234097E-003 .0000000000000000 250000.26534715621
 4.6000000000000005 .83087918533853145 .32702910760626549E-004 .0000000000000000 250000.12321868102
 4.6500000000000004 .80913275979286392 .13758743966741453E-003 .0000000000000000 250000.07481106094
 4.7000000000000002 .79995847870740999 -.51136430921515728E-005 .0000000000000000 250000.06922568358
 4.7500000000000009 .80444482964210995 -.22779204625112098E-003 .0000000000000000 250000.07786572617
 4.8000000000000007 .81990599386866292 -.27383751201249146E-003 .0000000000000000 250000.07430711019
 4.8500000000000005 .84111204405011486 -.16934507920882052E-003 .0000000000000000 249999.99778351799
 4.9000000000000004 .86409716876306075 -.73520532580705327E-004 .0000000000000000 249999.92116741999
 4.9500000000000002 .88748466916908408 -.23673365901547764E-004 .0000000000000000 249999.92642390737
 5.0000000000000009 .91078086403777636 .94709543358932321E-010 .0000000000000000 250000.00000000003
