 -5.0000000000000000 3.8571430000000002 3207.3614027230187 .0000000000000000 3916666.0931709171
 -4.9000000000000004 3.8572094223251341 3207.3773107645920 .0000000000000000 3916717.9279649733
 -4.7999999999999998 3.8571090881646137 3207.3574154234175 .0000000000000000 3916637.6953959996
 -4.7000000000000002 3.8562537527441094 3207.1717827049947 .0000000000000000 3915970.9712546230
 -4.5999999999999996 3.8532054579967516 3206.5011064926125 .0000000000000000 3913623.2493270296
 -4.5000000000000000 3.8466144031559315 3205.0455796222168 .0000000000000000 3908537.1470207018
 -4.4000000000000004 3.8403020508881278 3203.6321762607790 .0000000000000000 3903637.0309639340
 -4.2999999999999998 3.8452304352547380 3204.6748591546107 .0000000000000000 3907447.2816332411
 -4.2000000000000002 3.8636916221411610 3208.8172113957116 .0000000000000000 3921681.9162544524
 -4.0999999999999996 3.8740805956256334 3211.1594663556275 .0000000000000000 3929737.9053696091
 -4.0000000000000000 3.8561546728584895 3206.9671125424197 .0000000000000000 3916078.0834207009
 -3.8999999999999999 3.8366403498513444 3202.8081465065670 .0000000000000000 3900741.3063942124
 -3.7999999999999998 3.8693982350377327 3210.1249747371453 .0000000000000000 3925622.0454150680
 -3.6999999999999997 3.9517574845898307 3226.6591195274150 .0000000000000000 3989860.5336752897
 -3.6000000000000001 4.0030433074432636 3236.8734257200226 .0000000000000000 4030212.6221451992
 -3.5000000000000000 3.9500678123452952 3227.0013897198705 .0000000000000000 3988961.8519314225
 -3.3999999999999999 3.8219421375501437 3200.2856053766955 .0000000000000000 3889341.8467170512
 -3.2999999999999998 3.7492435830937909 3183.0457210093905 .0000000000000000 3832947.3588614445
 -3.1999999999999997 3.8299764858518146 3197.9673802460206 .0000000000000000 3895962.5558952722
 -3.1000000000000001 3.9947340818648498 3232.9609343397383 .0000000000000000 4023487.1168998834
 -3.0000000000000000 4.0786439552198894 3254.6154181194624 .0000000000000000 4086577.9351271591
 -2.8999999999999999 4.0140252847014422 3242.0281029559296 .0000000000000000 4036606.0317616239
 -2.7999999999999998 3.8756431921599410 3205.3388696519701 .0000000000000000 3934123.2788134436
 -2.6999999999999997 3.7699335432513204 3182.1126421717213 .0000000000000000 3853495.3773349635
 -2.5999999999999996 3.7243750263870017 3187.9884461108600 .0000000000000000 3808741.9557983940
 -2.5000000000000000 3.6774994720758962 3175.8784457223451 .0000000000000000 3769928.6008227402
 -2.3999999999999999 3.6253817978044474 3128.7799851005584 .0000000000000000 3751084.2491949345
 -2.2999999999999998 3.7084197162572714 3142.6659743899181 .0000000000000000 3819351.7745896578
 -2.1999999999999997 3.9604914449963515 3258.2579314251639 .0000000000000000 3972040.4562402801
 -2.0999999999999996 4.1138411723674624 3311.3193341399033 .0000000000000000 4085368.9689927520
 -1.9999999999999998 3.9580074473314824 3165.3644429905885 .0000000000000000 4046974.8322815648
 -1.8999999999999999 3.7200037426161616 2997.0830541496825 .0000000000000000 3936231.2691349159
 -1.7999999999999998 3.6994992783920195 3040.7832440398142 .0000000000000000 3911917.8366780048
 -1.6999999999999997 3.7257389714144029 3120.9425038822537 .0000000000000000 3868499.8411406609
 -1.5999999999999999 3.5791233809330540 3038.9439185261581 .0000000000000000 3716578.7790473262
 -1.4999999999999998 3.5670619471370739 3095.5840231682782 .0000000000000000 3725279.9867236675
 -1.3999999999999999 3.7937642146376573 3296.7054448077511 .0000000000000000 3819191.4724820503
 -1.2999999999999998 3.8252172642213194 3220.1119523081870 .0000000000000000 3771518.6144082942
 -1.1999999999999997 3.6775319513822580 3038.9199364016508 .0000000000000000 3847497.4435656574
 -1.0999999999999999 3.4190237959908791 2671.1512474242686 .0000000000000000 3401201.5624537501
 -.99999999999999978 2.5743109461857077 1531.2464997048810 .0000000000000000 1735948.2071635707
 -.89999999999999980 1.5082371523558178 326.67039763339267 .0000000000000000 350784.24791018246
 -.79999999999999982 1.1110767374394679 -8.3457574572074904 .0000000000000000 213763.26656668357
 -.69999999999999973 1.1150715965781297 40.027404833610660 .0000000000000000 307173.97713364061
 -.59999999999999976 .98274223544782635 -3.2132399665377189 .0000000000000000 233334.44432627517
 -.49999999999999978 .85814590017879822 -10.497150488657560 .0000000000000000 242591.91942816475
 -.39999999999999974 .82584126619587739 6.4145442374145976 .0000000000000000 257508.72906473762
 -.29999999999999971 .80338563445687694 -.96245453573124995 .0000000000000000 247829.66485041429
 -.19999999999999973 .82776899887650168 -1.0980889345258911 .0000000000000000 249519.43275745111
 -.99999999999999728E-001 .90569476196698306 .88079240395403913 .0000000000000000 250650.78306310720
 .27755575615628914E-015 1.0002171682196033 -.22311254970473932 .0000000000000000 249832.56328869186
 .10000000000000028 1.0952451571416493 -.86424955383906960E-001 .0000000000000000 249933.41403084228
 .20000000000000029 1.1685368806469114 .98499271268156829E-001 .0000000000000000 250062.73387937198
 .30000000000000027 1.1994415889591179 -.34738106450260167E-001 .0000000000000000 249983.03414626379
 .40000000000000030 1.1817549047165608 -.23340474068463003E-002 .0000000000000000 249988.94908624911
 .50000000000000033 1.1196871403373589 .72347600580685897E-002 .0000000000000000 250006.72604693583
 .60000000000000031 1.0281758532130234 -.18932723469544561E-002 .0000000000000000 249995.77271434199
 .70000000000000029 .92984551356099809 .42350787174379578E-002 .0000000000000000 250000.37305221212
 .80000000000000027 .84869989134317669 .40851968610475329E-002 .0000000000000000 250003.42873024722
 .90000000000000036 .80458036055676818 .95394393490402915E-003 .0000000000000000 250002.99083560155
 1.0000000000000004 .80829997277681209 -.16148589253427155E-002 .0000000000000000 250003.62437001304
 1.1000000000000003 .85893900172291204 -.35511981330286547E-002 .0000000000000000 250002.33878719856
 1.2000000000000004 .94411468997254822 -.33998059693792402E-002 .0000000000000000 250000.22067770720
 1.3000000000000003 1.0429865319049350 -.13710877757724005E-002 .0000000000000000 249998.68826077360
 1.4000000000000004 1.1313493268980177 .70843974490550311E-003 .0000000000000000 249997.88335500442
 1.5000000000000004 1.1875584390581559 .98168192170968176E-003 .0000000000000000 249997.64538312930
 1.6000000000000003 1.1978328676792918 -.41993171133448108E-003 .0000000000000000 249997.68577733089
 1.7000000000000004 1.1596503674485423 -.10203520921635285E-002 .0000000000000000 249997.87182137926
 1.8000000000000003 1.0823741895105750 .59067496804669642E-003 .0000000000000000 249998.36437506235
 1.9000000000000004 .98494427617328018 .29946442688142832E-002 .0000000000000000 249999.56718924752
 2.0000000000000004 .89122083309443223 .41272698011839120E-002 .0000000000000000 250001.36326489248
 2.1000000000000005 .82413858878939128 .29845970219110687E-002 .0000000000000000 250002.79309129098
 2.2000000000000002 .80010188305397190 -.11084516840033047E-004 .0000000000000000 250003.25560990901
 2.3000000000000003 .82498612392693793 -.30042755730504385E-002 .0000000000000000 250002.76620339364
 2.4000000000000004 .89270934626518028 -.41398518510104157E-002 .0000000000000000 250001.33466074301
 2.5000000000000004 .98671036016713087 -.29831210742194353E-002 .0000000000000000 249999.55189555525
 2.6000000000000005 1.0839840245072161 -.54617075024023887E-003 .0000000000000000 249998.34774189765
 2.7000000000000006 1.1607077348903247 .10434198290848280E-002 .0000000000000000 249997.85822783090
 2.8000000000000003 1.1980822746416717 .33919063361662738E-003 .0000000000000000 249997.72925944295
 2.9000000000000004 1.1869427337424410 -.11065198624835729E-002 .0000000000000000 249997.74718050600
 3.0000000000000004 1.1300105256264668 -.59908880234781927E-003 .0000000000000000 249997.83275866456
 3.1000000000000005 1.0412440708534929 .17448602440186807E-002 .0000000000000000 249998.37972336891
 3.2000000000000006 .94241580799749491 .34963833677298392E-002 .0000000000000000 250000.15823447215
 3.3000000000000003 .85771816179953342 .30713136096068416E-002 .0000000000000000 250002.78304773130
 3.4000000000000004 .80781469464948052 .58730452121512409E-003 .0000000000000000 250004.63156022830
 3.5000000000000004 .80490781976099945 -.25132212232388102E-002 .0000000000000000 250004.72033345170
 3.6000000000000005 .84983403427494952 -.41976281523629973E-002 .0000000000000000 250003.00349475976
 3.7000000000000006 .93162895177975102 -.34921186892490049E-002 .0000000000000000 250000.26183838357
 3.8000000000000007 1.0300233769638747 -.11688182650817997E-002 .0000000000000000 249998.16696934056
 3.9000000000000004 1.1208236105861877 .80927427065862118E-003 .0000000000000000 249997.59855148397
 4.0000000000000009 1.1822783812465012 .70109188703242336E-003 .0000000000000000 249997.93275527429
 4.1000000000000005 1.1997040879827436 -.80117792461703672E-003 .0000000000000000 249998.28345726524
 4.2000000000000002 1.1680082084968093 -.11285585618705494E-002 .0000000000000000 249998.26070947835
 4.3000000000000007 1.0938679732705918 .63255486128352889E-003 .0000000000000000 249998.25964885735
 4.4000000000000004 .99658100412378636 .29299514741184403E-002 .0000000000000000 249999.10378726487
 4.5000000000000009 .90302629983101201 .40189704615418344E-002 .0000000000000000 250000.50546817496
 4.6000000000000005 .83619222451660624 .34949299323159123E-002 .0000000000000000 250001.46597598563
 4.7000000000000002 .80542074976805833 .23725697427555872E-002 .0000000000000000 250001.92955190939
 4.8000000000000007 .80645492748010750 .15419360343738346E-002 .0000000000000000 250001.82928399227
 4.9000000000000004 .82843932256232600 .82829142055818516E-003 .0000000000000000 250001.08028371367
 5.0000000000000009 .86078043855087527 -.29320773865718364E-007 .0000000000000000 250000.00000000003
