 -5.0000000000000000 3.8571430000000002 3207.1351578950080 .0000000000000000 3916666.0931709171
 -4.9500000000000002 3.8571802378649296 3207.1548075826204 .0000000000000000 3916695.0319696022
 -4.9000000000000004 3.8573279902097783 3207.2126124425827 .0000000000000000 3916808.0442568744
 -4.8499999999999996 3.8576858752071188 3207.2979055141595 .0000000000000000 3917073.9629774848
 -4.7999999999999998 3.8582004617204131 3207.2634322868057 .0000000000000000 3917444.4855776685
 -4.7500000000000000 3.8583431618840343 3207.0466894908823 .0000000000000000 3917598.2175109996
 -4.7000000000000002 3.8577196991194715 3207.1485561674531 .0000000000000000 3917301.6912401668
 -4.6500000000000004 3.8570596272374891 3207.8019775600410 .0000000000000000 3916776.0617524236
 -4.5999999999999996 3.8574092562992490 3207.8568188237837 .0000000000000000 3916522.2147986870
 -4.5499999999999998 3.8581412803735389 3206.5620992968879 .0000000000000000 3916809.7740824581
 -4.5000000000000000 3.8573104377725493 3205.7477923241163 .0000000000000000 3917071.9621669841
 -4.4500000000000002 3.8550715436411651 3207.2424959407035 .0000000000000000 3916303.1280294294
 -4.4000000000000004 3.8550137554811932 3208.9151829762236 .0000000000000000 3915210.6628717468
 -4.3499999999999996 3.8592089501603222 3207.5213277489288 .0000000000000000 3916540.1219656630
 -4.2999999999999998 3.8628057960069997 3205.1071450825243 .0000000000000000 3920139.7989011020
 -4.2500000000000000 3.8584719477161524 3206.5460207020815 .0000000000000000 3919766.9438393223
 -4.2000000000000002 3.8483621387062064 3209.8064368274631 .0000000000000000 3911633.0527774859
 -4.1500000000000004 3.8469615100899648 3207.7640789764646 .0000000000000000 3906101.7199838762
 -4.0999999999999996 3.8642122236825189 3203.0181488314629 .0000000000000000 3918671.3089098446
 -4.0499999999999998 3.8836228393503873 3206.5937232654351 .0000000000000000 3940648.2124081855
 -4.0000000000000000 3.8708909382070211 3214.8497353763642 .0000000000000000 3934658.7022355101
 -3.9499999999999997 3.8233011180459568 3209.4569932683567 .0000000000000000 3887471.3599022678
 -3.8999999999999999 3.7981051216918273 3192.6998244314204 .0000000000000000 3857262.7704057172
 -3.8500000000000001 3.8544974151600333 3194.1491041689528 .0000000000000000 3913652.9480892466
 -3.7999999999999998 3.9699802842780731 3225.2645415471479 .0000000000000000 4025504.6174474983
 -3.7500000000000000 4.0514424200693488 3256.7794160928606 .0000000000000000 4078618.2190411487
 -3.6999999999999997 4.0212226663987831 3253.4068043097031 .0000000000000000 4014940.8063187706
 -3.6499999999999999 3.8692585318854045 3207.9362173790573 .0000000000000000 3889345.2402847144
 -3.6000000000000001 3.6654719418325494 3147.1628077677842 .0000000000000000 3788802.0127251376
 -3.5499999999999998 3.5467437102273691 3118.4703729713701 .0000000000000000 3744840.9890375598
 -3.5000000000000000 3.6131692907126012 3148.0019911917316 .0000000000000000 3742503.2208560822
 -3.4499999999999997 3.8012246345034635 3208.9267166615973 .0000000000000000 3792760.3783627944
 -3.3999999999999999 3.9403039708208500 3249.3301501169908 .0000000000000000 3920202.8718083897
 -3.3500000000000001 3.9557626746509675 3239.3175549613634 .0000000000000000 4059363.4146182691
 -3.2999999999999998 3.9372892064306724 3194.4626951450459 .0000000000000000 4086129.6236449443
 -3.2500000000000000 3.9978925620237731 3179.3748026992153 .0000000000000000 4010646.2223937283
 -3.1999999999999997 4.1299343903682280 3253.5397701986258 .0000000000000000 4000545.8001076342
 -3.1499999999999999 4.2090668359275574 3366.1201291320876 .0000000000000000 4123481.2326646331
 -3.1000000000000001 4.1180269023193112 3361.5142929437325 .0000000000000000 4202442.2851382531
 -3.0499999999999998 3.8840493244800509 3172.4085595424303 .0000000000000000 4054474.9843709776
 -3.0000000000000000 3.6964906684716023 2969.2074174321751 .0000000000000000 3793096.7420169832
 -2.9499999999999997 3.7395238947393148 3009.6597209051924 .0000000000000000 3731997.4580784263
 -2.8999999999999999 3.9810811693451833 3317.1513282726587 .0000000000000000 3967811.4145445595
 -2.8500000000000001 4.1657279293712870 3594.4015479515524 .0000000000000000 4209684.6400504084
 -2.7999999999999998 4.0577817908374376 3522.8232534272588 .0000000000000000 4106473.1890098024
 -2.7500000000000000 3.6880395520504003 3120.1584986536800 .0000000000000000 3668784.8077228242
 -2.6999999999999997 3.3412759684986946 2754.2915393748144 .0000000000000000 3307508.3383394438
 -2.6499999999999999 3.2857569548668528 2778.2645609424999 .0000000000000000 3425724.1434160308
 -2.5999999999999996 3.5045453589093571 3134.9723204650422 .0000000000000000 3921990.7491004858
 -2.5499999999999998 3.7263728557912259 3388.5188883978753 .0000000000000000 4202132.3466001805
 -2.5000000000000000 3.7660387014551704 3252.8785955292556 .0000000000000000 3898142.7096933653
 -2.4499999999999997 3.7649299635107858 2994.2044064554443 .0000000000000000 3424078.1309720972
 -2.3999999999999999 3.9758753309648376 3094.4000052727583 .0000000000000000 3483450.1418258450
 -2.3499999999999996 4.3513188902798561 3578.2023214355218 .0000000000000000 4171000.4586091563
 -2.2999999999999998 4.4909231871980753 3894.8205812700044 .0000000000000000 4790965.1961331181
 -2.2500000000000000 4.0576280471719386 3480.9837231050069 .0000000000000000 4499379.6669333084
 -2.1999999999999997 3.2653754187224244 2471.5379094420700 .0000000000000000 3327679.0975697311
 -2.1499999999999999 2.8959052981972353 1873.0456549124765 .0000000000000000 2553550.5467178705
 -2.0999999999999996 3.5262510378248524 2585.5462306616737 .0000000000000000 3336708.4022337501
 -2.0499999999999998 4.6239845947289187 4010.5876123660887 .0000000000000000 4935763.4555895459
 -1.9999999999999998 4.9121635301162678 4419.0509878131461 .0000000000000000 5296420.4475980960
 -1.9499999999999997 3.8923261345967970 3147.2662867184649 .0000000000000000 3710838.9478049036
 -1.8999999999999999 2.3979076560082015 1385.7131602529187 .0000000000000000 1657637.6984918839
 -1.8499999999999999 1.4009392131538181 364.99954014789250 .0000000000000000 561185.09804661595
 -1.7999999999999998 1.0163913034202876 69.346620984605238 .0000000000000000 301733.99318750115
 -1.7499999999999998 .89421854597985662 11.039000881039190 .0000000000000000 261320.60944761074
 -1.6999999999999997 .83883650484965533 -2.8321792212695245 .0000000000000000 246385.99376027990
 -1.6499999999999999 .81412416925272291 -.42380800711902133 .0000000000000000 249653.36848630046
 -1.5999999999999999 .80277973628478316 .39963350154885563 .0000000000000000 250597.11392468106
 -1.5499999999999998 .80093926241938007 -.19463559592579682 .0000000000000000 249699.91414123870
 -1.4999999999999998 .81234315628176001 .57878837296067270E-001 .0000000000000000 250097.94318358955
 -1.4499999999999997 .83547628704707455 .28704737108826532E-001 .0000000000000000 250020.25195862204
 -1.3999999999999999 .86857197814183817 -.25673943207382519E-001 .0000000000000000 249970.34291096308
 -1.3499999999999999 .90999226417530099 .88734132935935350E-002 .0000000000000000 250015.38105991288
 -1.2999999999999998 .95698323892251502 .21976831940347975E-003 .0000000000000000 249996.47006733256
 -1.2499999999999998 1.0066303401335233 -.26143470418565455E-002 .0000000000000000 249998.86138273735
 -1.1999999999999997 1.0558839770006325 .11792744299486528E-002 .0000000000000000 250001.62969542306
 -1.1499999999999997 1.1016542711416222 -.53593204120003517E-003 .0000000000000000 249999.24152391870
 -1.0999999999999999 1.1411063188694333 -.26162447607519057E-003 .0000000000000000 250000.07186744543
 -1.0499999999999998 1.1717867890416735 .41338097462434678E-004 .0000000000000000 250000.06388101919
 -.99999999999999978 1.1917843106794892 -.14953060226006326E-003 .0000000000000000 249999.85961452444
 -.94999999999999973 1.1998582216449309 .14546724416660277E-004 .0000000000000000 249999.96712162200
 -.89999999999999980 1.1955057839146630 .53703401781047225E-004 .0000000000000000 249999.94976246543
 -.84999999999999976 1.1789972854464412 .85711983134285441E-004 .0000000000000000 249999.94259832057
 -.79999999999999982 1.1513595593927790 .15490677003123226E-003 .0000000000000000 249999.96869777204
 -.74999999999999978 1.1143109168826075 .18238273567348546E-003 .0000000000000000 249999.99385349799
 -.69999999999999973 1.0701552394403075 .20705914906847254E-003 .0000000000000000 250000.01680461128
 -.64999999999999980 1.0216382755952640 .22939649126868124E-003 .0000000000000000 250000.02657616881
 -.59999999999999976 .97177627849227777 .22471708055351911E-003 .0000000000000000 250000.02239666390
 -.54999999999999971 .92366866876577802 .17741824654713480E-003 .0000000000000000 250000.01869718323
 -.49999999999999978 .88030621729787362 .11313227927667961E-003 .0000000000000000 250000.02621808107
 -.44999999999999973 .84438571085365421 .84680402205903344E-004 .0000000000000000 250000.03423172107
 -.39999999999999974 .81814139944220021 .85688633521017964E-004 .0000000000000000 250000.02348417285
 -.34999999999999976 .80320472005093935 .53573803707402351E-004 .0000000000000000 250000.00047876019
 -.29999999999999971 .80050318294866318 -.22730211443700867E-004 .0000000000000000 249999.99407903923
 -.24999999999999972 .81020441359621276 -.79404883267862741E-004 .0000000000000000 250000.01292675451
 -.19999999999999973 .83170624671210525 -.85732742184212564E-004 .0000000000000000 250000.03222799921
 -.14999999999999974 .86367267981030593 -.93839272245737151E-004 .0000000000000000 250000.03118996072
 -.99999999999999728E-001 .90411573752148211 -.14622609664010624E-003 .0000000000000000 250000.02078359629
 -.49999999999999725E-001 .95051986178984815 -.20842143848726983E-003 .0000000000000000 250000.01980707233
 .27755575615628914E-015 .99999971264270082 -.23133012239801116E-003 .0000000000000000 250000.02553881978
 .50000000000000280E-001 1.0494795924562907 -.21788405081172099E-003 .0000000000000000 250000.02271055747
 .10000000000000028 1.0958836520517035 -.19440170589087868E-003 .0000000000000000 250000.00403584333
 .15000000000000030 1.1363266063888846 -.16471484902209278E-003 .0000000000000000 249999.97616731591
 .20000000000000029 1.1682934949571486 -.12073136751050564E-003 .0000000000000000 249999.95361106409
 .25000000000000028 1.1897965230556253 -.67123508375902641E-004 .0000000000000000 249999.94493529582
 .30000000000000027 1.1994987162870594 -.14495109703302748E-004 .0000000000000000 249999.94505892709
 .35000000000000031 1.1967968785888607 .36439846323355894E-004 .0000000000000000 249999.94566747796
 .40000000000000030 1.1818589837667197 .89803270963674181E-004 .0000000000000000 249999.94902726426
 .45000000000000029 1.1556137623155969 .14048543606206144E-003 .0000000000000000 249999.96394258371
 .50000000000000033 1.1196931139007338 .17826577227243829E-003 .0000000000000000 249999.99004510813
 .55000000000000027 1.0763307607627051 .20469214652450479E-003 .0000000000000000 250000.01459743618
 .60000000000000031 1.0282231265306594 .22653158464805426E-003 .0000000000000000 250000.02558349204
 .65000000000000036 .97836114542122055 .22832942395120272E-003 .0000000000000000 250000.02276941671
 .70000000000000029 .92984423218271117 .18533612388054260E-003 .0000000000000000 250000.01829147653
 .75000000000000033 .88568846142453339 .11795750413678399E-003 .0000000000000000 250000.02466624798
 .80000000000000027 .84863983844087820 .82943645915334140E-004 .0000000000000000 250000.03443245427
 .85000000000000031 .82100285789193161 .84967142938089982E-004 .0000000000000000 250000.02650760277
 .90000000000000036 .80449574264622548 .61296820575772523E-004 .0000000000000000 250000.00292165321
 .95000000000000029 .80014364013295303 -.12177063886048900E-004 .0000000000000000 249999.99272253952
 1.0000000000000004 .80821659478240204 -.74949604441561598E-004 .0000000000000000 250000.00961348027
 1.0500000000000003 .82821358432505987 -.84430882560598377E-004 .0000000000000000 250000.03117413292
 1.1000000000000003 .85889231523305698 -.87088686380245206E-004 .0000000000000000 250000.03266284795
 1.1500000000000004 .89834502488475254 -.13512081794876367E-003 .0000000000000000 250000.02159252172
 1.2000000000000004 .94411767309092431 -.20140950247673516E-003 .0000000000000000 250000.01877671905
 1.2500000000000004 .99336403062691647 -.23110959351221153E-003 .0000000000000000 250000.02436614057
 1.3000000000000003 1.0430228834734943 -.22025232627436754E-003 .0000000000000000 250000.02320050742
 1.3500000000000003 1.0900073439056568 -.19654215704514278E-003 .0000000000000000 250000.00656668429
 1.4000000000000004 1.1313961139848336 -.16743061622475020E-003 .0000000000000000 249999.97940498270
 1.4500000000000004 1.1646154222532361 -.12476356509632996E-003 .0000000000000000 249999.95578838888
 1.5000000000000004 1.1875995681702298 -.72111597232129014E-004 .0000000000000000 249999.94592104026
 1.5500000000000003 1.1989194702313228 -.20794593498947492E-004 .0000000000000000 249999.94608444776
 1.6000000000000003 1.1978713546278412 .27857652978343892E-004 .0000000000000000 249999.94698286286
 1.6500000000000004 1.1845203823980257 .79664445712507024E-004 .0000000000000000 249999.94918697589
 1.7000000000000004 1.1596966087555860 .13159814820017099E-003 .0000000000000000 249999.96178599028
 1.7500000000000004 1.1249435226618336 .17235468478779805E-003 .0000000000000000 249999.98636990634
 1.8000000000000003 1.0824222308696676 .20069363113529436E-003 .0000000000000000 250000.01140429603
 1.8500000000000003 1.0347769101147515 .22431246385952087E-003 .0000000000000000 250000.02427995825
 1.9000000000000004 .98496984549639521 .23084987894204213E-003 .0000000000000000 250000.02289229236
 1.9500000000000004 .93609704976511821 .19241162161255231E-003 .0000000000000000 250000.01784867517
 2.0000000000000004 .89119658855437500 .12242561772496114E-003 .0000000000000000 250000.02317842908
 2.0500000000000003 .85306064798694259 .80572249016765325E-004 .0000000000000000 250000.03443753108
 2.1000000000000005 .82406141914139674 .83041502801628966E-004 .0000000000000000 250000.02935730142
 2.1500000000000004 .80600202487426531 .67974228399839484E-004 .0000000000000000 250000.00554756069
 2.2000000000000002 .80000414279577359 -.14212427182775443E-005 .0000000000000000 249999.99168306764
 2.2500000000000004 .80643994660603746 -.69421728591464421E-004 .0000000000000000 250000.00634250697
 2.3000000000000003 .82491009028061424 -.82411623723820253E-004 .0000000000000000 250000.02993969867
 2.3500000000000005 .85426734007269756 -.80121988326474494E-004 .0000000000000000 250000.03413489438
 2.4000000000000004 .89268625248243094 -.12360329219686270E-003 .0000000000000000 250000.02266793209
 2.4500000000000006 .93777702174023236 -.19381107792244156E-003 .0000000000000000 250000.01802808142
 2.5000000000000004 .98673566475103847 -.23085208184146715E-003 .0000000000000000 250000.02339690432
 2.5500000000000003 1.0365188128352385 -.22338581005857969E-003 .0000000000000000 250000.02407727492
 2.6000000000000005 1.0840319347684264 -.19988391474289722E-003 .0000000000000000 250000.01013914644
 2.6500000000000004 1.1263209405297212 -.17146620996017056E-003 .0000000000000000 249999.98461597753
 2.7000000000000006 1.1607560856718686 -.13000621683860773E-003 .0000000000000000 249999.96041874032
 2.7500000000000004 1.1851960375932746 -.77607948348993523E-004 .0000000000000000 249999.94862460779
 2.8000000000000003 1.1981211787102015 -.26057219903361347E-004 .0000000000000000 249999.94695297198
 2.8500000000000005 1.1987279319705142 .22088002565573763E-004 .0000000000000000 249999.94616494174
 2.9000000000000004 1.1869785766798970 .73110804053913019E-004 .0000000000000000 249999.94612409367
 2.9500000000000006 1.1636035854389895 .12555978631286413E-003 .0000000000000000 249999.95636853870
 3.0000000000000004 1.1300563448593206 .16796272105521926E-003 .0000000000000000 249999.98024814637
 3.0500000000000003 1.0884229593869854 .19702990470602241E-003 .0000000000000000 250000.00716733278
 3.1000000000000005 1.0412924110575246 .22084942243136881E-003 .0000000000000000 250000.02323070826
 3.1500000000000004 .99159504851000713 .23096108985555622E-003 .0000000000000000 250000.02397626106
 3.2000000000000006 .94242013130904068 .19938852389865397E-003 .0000000000000000 250000.01848187737
 3.2500000000000004 .89682447006084653 .13203333748045457E-003 .0000000000000000 250000.02184148136
 3.3000000000000003 .85764332260781884 .85178236645241600E-004 .0000000000000000 250000.03309434126
 3.3500000000000005 .82731379509885183 .83890547825295108E-004 .0000000000000000 250000.03090606359
 3.4000000000000004 .80772192538389942 .73554383087015798E-004 .0000000000000000 250000.00875074251
 3.4500000000000006 .80008491995707254 .93494292971693088E-005 .0000000000000000 249999.99241345163
 3.5000000000000004 .80487664254006364 -.63196428107975471E-004 .0000000000000000 250000.00362417390
 3.5500000000000003 .82179947086514948 -.84682716874040937E-004 .0000000000000000 250000.02737881898
 3.6000000000000005 .84980261891825326 -.82618816292379544E-004 .0000000000000000 250000.03472050143
 3.6500000000000004 .88714568841763253 -.11995254426999952E-003 .0000000000000000 250000.02498591691
 3.7000000000000006 .93150535902378218 -.18943409048712082E-003 .0000000000000000 250000.02017295689
 3.7500000000000004 .98012158924688852 -.23374016103804048E-003 .0000000000000000 250000.02736663216
 3.8000000000000007 1.0299732386267222 -.23454676431577972E-003 .0000000000000000 250000.03320016240
 3.8500000000000005 1.0779645480560152 -.21772600615748154E-003 .0000000000000000 250000.02584684381
 3.9000000000000004 1.1211096497813637 -.19778321448743174E-003 .0000000000000000 250000.00709766604
 3.9500000000000006 1.1567190719989573 -.16483963590560840E-003 .0000000000000000 249999.98636677803
 4.0000000000000009 1.1825822652784777 -.10536632789943713E-003 .0000000000000000 249999.96318003847
 4.0500000000000007 1.1971051199842426 -.83031754055111708E-005 .0000000000000000 249999.92188120008
 4.1000000000000005 1.1993788947948747 .11732138407423518E-003 .0000000000000000 249999.86103331781
 4.1500000000000004 1.1892325096005791 .20471325870546851E-003 .0000000000000000 249999.83066159923
 4.2000000000000002 1.1673026467600882 .15872622200480856E-003 .0000000000000000 249999.91481343086
 4.2500000000000009 1.1350143628909628 -.24610733777929175E-004 .0000000000000000 250000.13701538584
 4.3000000000000007 1.0943804358545204 -.20686357949508853E-003 .0000000000000000 250000.37951536957
 4.3500000000000005 1.0478072935536999 -.23600011297953143E-003 .0000000000000000 250000.46247046487
 4.4000000000000004 .99813974248551030 -.10689279294995612E-003 .0000000000000000 250000.34035785138
 4.4500000000000002 .94867859831368606 .47120102227737658E-004 .0000000000000000 250000.15049235610
 4.5000000000000009 .90268285557657824 .11338845534000360E-003 .0000000000000000 250000.04576899286
 4.5500000000000007 .86269285410996455 .11656949003899136E-003 .0000000000000000 250000.05912465224
 4.6000000000000005 .83070232372769925 .13090898439660018E-003 .0000000000000000 250000.11504406505
 4.6500000000000004 .80904695312942743 .10931510471579899E-003 .0000000000000000 250000.11477374253
 4.7000000000000002 .80018292547667191 -.34805281008707517E-004 .0000000000000000 250000.05225352416
 4.7500000000000009 .80460841346335321 -.19229803259502925E-003 .0000000000000000 250000.02936833742
 4.8000000000000007 .81939224527977628 -.18497412077511175E-003 .0000000000000000 250000.05765649118
 4.8500000000000005 .83986711119410495 -.69933848924904842E-004 .0000000000000000 250000.03295244719
 4.9000000000000004 .86269352115461895 .35583544329463344E-005 .0000000000000000 249999.98025470893
 4.9500000000000002 .88656929304733267 .16486010969269541E-004 .0000000000000000 249999.97053213601
 5.0000000000000009 .91078086403777636 .10654512120644296E-009 .0000000000000000 250000.00000000003
