 -5.0000000000000000 3.8571430000000002 3207.3614302438591 .0000000000000000 3916666.0931709171
 -4.9000000000000004 3.8571634746427801 3207.3659289769771 .0000000000000000 3916682.0104302629
 -4.7999999999999998 3.8571845456671459 3207.3705062002600 .0000000000000000 3916698.3700565384
 -4.7000000000000002 3.8571832801648038 3207.3697472499089 .0000000000000000 3916697.7869424461
 -4.5999999999999996 3.8570808522550348 3207.3469208524311 .0000000000000000 3916618.7368329163
 -4.5000000000000000 3.8568979098181262 3207.3085102395062 .0000000000000000 3916475.8155062296
 -4.4000000000000004 3.8571801281097500 3207.3698871702945 .0000000000000000 3916694.6660073833
 -4.2999999999999998 3.8585329353180855 3207.6646937443379 .0000000000000000 3917742.1335344622
 -4.2000000000000002 3.8591760088002713 3207.8115509850904 .0000000000000000 3918236.6696319473
 -4.0999999999999996 3.8547440171430307 3206.8350449959235 .0000000000000000 3914811.6778810872
 -4.0000000000000000 3.8448930518341768 3204.6637395631083 .0000000000000000 3907189.0599251473
 -3.8999999999999999 3.8392008038286027 3203.4082314664261 .0000000000000000 3902773.4064046084
 -3.7999999999999998 3.8482959618441255 3205.3669775792569 .0000000000000000 3909810.7208123654
 -3.6999999999999997 3.8655347722470235 3209.1793441960267 .0000000000000000 3923135.2543577356
 -3.6000000000000001 3.8679969680220627 3209.7747980592485 .0000000000000000 3925078.0491253855
 -3.5000000000000000 3.8494078528998079 3205.6100859849362 .0000000000000000 3910753.1572484658
 -3.3999999999999999 3.8433953018147329 3204.3271955213868 .0000000000000000 3905920.4321848243
 -3.2999999999999998 3.8862497090005950 3213.4622831980655 .0000000000000000 3939000.6551782568
 -3.1999999999999997 3.9576338608572890 3228.0655248473963 .0000000000000000 3994594.9630160048
 -3.1000000000000001 3.9886956407580065 3234.7009083923131 .0000000000000000 4018741.8997126305
 -3.0000000000000000 3.9345350476558476 3223.8434241905748 .0000000000000000 3976692.0885592285
 -2.8999999999999999 3.8322924954948405 3201.6737129929411 .0000000000000000 3897664.0353380204
 -2.7999999999999998 3.7849492553006088 3191.1787514742368 .0000000000000000 3860692.2085773470
 -2.6999999999999997 3.8565629982269405 3206.5492464496833 .0000000000000000 3915679.9218653706
 -2.5999999999999996 3.9836330373168449 3232.6490771035023 .0000000000000000 4014587.5369359953
 -2.5000000000000000 4.0430296879058529 3244.7001267045353 .0000000000000000 4061165.9266889459
 -2.3999999999999999 3.9939167106912321 3235.4059061573894 .0000000000000000 4022851.9630508106
 -2.2999999999999998 3.8965302208191552 3215.4325741076314 .0000000000000000 3947097.0469740531
 -2.1999999999999997 3.8150735884548013 3197.6676269622867 .0000000000000000 3884099.2294726702
 -2.0999999999999996 3.7525228292570785 3183.4386498905496 .0000000000000000 3836130.3167833406
 -1.9999999999999998 3.6863059307000423 3167.2353527316968 .0000000000000000 3785418.4621952479
 -1.8999999999999999 3.6488155139507716 3157.6562369651988 .0000000000000000 3755820.4388078908
 -1.7999999999999998 3.7158511303671595 3173.1453870351988 .0000000000000000 3806423.1149924984
 -1.6999999999999997 3.8828212180031434 3210.0928123566587 .0000000000000000 3935802.8451725440
 -1.5999999999999999 4.0300742727765400 3241.5519107230416 .0000000000000000 4050844.4987924094
 -1.4999999999999998 4.0599276879278685 3248.7984766324230 .0000000000000000 4074226.9856453645
 -1.3999999999999999 3.9938797325255764 3235.4767523987975 .0000000000000000 4023377.8325547213
 -1.2999999999999998 3.9080208253620761 3216.2837143631100 .0000000000000000 3957542.5852013845
 -1.1999999999999997 3.8407785630341476 3202.4906783889905 .0000000000000000 3904500.2321149311
 -1.0999999999999999 3.7767820888573302 3191.3031594975109 .0000000000000000 3852851.4179413770
 -.99999999999999978 3.6922975028342542 3169.9920056650576 .0000000000000000 3788438.1704631401
 -.89999999999999980 3.6295166281128042 3148.5312139987914 .0000000000000000 3743652.2157408628
 -.79999999999999982 3.6876473321803593 3163.3541279459732 .0000000000000000 3787246.6588969952
 -.69999999999999973 3.8713827673652412 3214.6371743691698 .0000000000000000 3922368.0087724682
 -.59999999999999976 4.0317300266620810 3248.3482696025012 .0000000000000000 4047912.4953115992
 -.49999999999999978 4.0528739658477866 3236.4618587729519 .0000000000000000 4076986.4237096854
 -.39999999999999974 3.9898064418864552 3218.8581820990071 .0000000000000000 4031526.4047758393
 -.29999999999999971 3.9356016562519138 3229.1590000163560 .0000000000000000 3973899.9316826304
 -.19999999999999973 3.8739122843951224 3230.8694714292560 .0000000000000000 3914281.5086314944
 -.99999999999999728E-001 3.7499484478721623 3177.0738398617882 .0000000000000000 3835161.4915633667
 .27755575615628914E-015 3.5844421570642351 3081.2249858968967 .0000000000000000 3745986.4065061095
 .10000000000000028 3.4507351461598721 2987.1169466643605 .0000000000000000 3682451.5954145161
 .20000000000000029 3.4364231410142683 2947.9411348967055 .0000000000000000 3698859.6624222863
 .30000000000000027 3.6174034277286058 3024.4264638693548 .0000000000000000 3824675.9071942661
 .40000000000000030 3.9291576667060628 3192.4599462775300 .0000000000000000 3996965.1145725874
 .50000000000000033 4.1405734988190943 3316.0776683604731 .0000000000000000 4110917.5304563465
 .60000000000000031 4.1010184492174622 3294.8165375892822 .0000000000000000 4103958.5069077527
 .70000000000000029 3.9356456794277537 3199.6236910344164 .0000000000000000 3994048.7173566143
 .80000000000000027 3.8687797623695008 3206.6379705561299 .0000000000000000 3915068.4318779898
 .90000000000000036 3.8374701793858921 3259.7606812496624 .0000000000000000 3886058.6841633008
 1.0000000000000004 3.6278432545526087 3120.6564637816291 .0000000000000000 3742753.8260098784
 1.1000000000000003 3.5099861942717152 3028.3847615870122 .0000000000000000 3664684.6405724548
 1.2000000000000004 3.7815152966790100 3254.8034218162093 .0000000000000000 3838728.6015910669
 1.3000000000000003 3.9505889402447152 3296.5370960760379 .0000000000000000 3889339.5579456082
 1.4000000000000004 3.8182435497337663 3087.5496861526472 .0000000000000000 3910158.6578901140
 1.5000000000000004 3.7978792429705868 3040.1656019640873 .0000000000000000 3932608.7783353725
 1.6000000000000003 3.3580492501408803 2407.4367956401761 .0000000000000000 2832316.3272588351
 1.7000000000000004 2.0845116853436196 963.92443574371555 .0000000000000000 973141.07155875477
 1.8000000000000003 1.1177879784798539 76.747358150605407 .0000000000000000 186205.70961399673
 1.9000000000000004 .99086914183413466 31.078483106685411 .0000000000000000 292786.01018149214
 2.0000000000000004 .94711272824971515 29.983586081967623 .0000000000000000 274994.64754969667
 2.1000000000000005 .79980776205860760 -18.583726836108433 .0000000000000000 225170.20198939581
 2.2000000000000002 .79282671990530496 1.4606411285017593 .0000000000000000 255472.98988633457
 2.3000000000000003 .83718148143201498 4.0846970066831139 .0000000000000000 253111.71864592316
 2.4000000000000004 .88805370434195718 -2.6999201447097363 .0000000000000000 247310.94858920886
 2.5000000000000004 .98557087992995751 .41545508203421927 .0000000000000000 250588.12649720986
 2.6000000000000005 1.0860965182173643 .48484107826579270 .0000000000000000 250347.30251640003
 2.7000000000000006 1.1597524890352984 -.37357631423393495 .0000000000000000 249720.52169133106
 2.8000000000000003 1.1980014559853043 .75310134400296200E-001 .0000000000000000 250044.97190525706
 2.9000000000000004 1.1872018406308535 .49622238000677950E-001 .0000000000000000 250046.59058284329
 3.0000000000000004 1.1298060798757319 -.34741857317806532E-001 .0000000000000000 249963.97481868675
 3.1000000000000005 1.0412549280090468 .16208595429139942E-001 .0000000000000000 250007.03430281169
 3.2000000000000006 .94247548250719138 .85032324463306247E-002 .0000000000000000 250006.07518312466
 3.3000000000000003 .85769584849776681 -.36255297271406070E-003 .0000000000000000 249995.94082827962
 3.4000000000000004 .80780316797680929 .25540144876338598E-002 .0000000000000000 250001.16116594060
 3.5000000000000004 .80499829112077292 -.75505121943565776E-003 .0000000000000000 250000.03527654073
 3.6000000000000005 .85000704126401261 -.35233086253724901E-002 .0000000000000000 249999.04101771800
 3.7000000000000006 .93162614180396985 -.40565077601151123E-002 .0000000000000000 249999.15273764025
 3.8000000000000007 1.0297468856473588 -.43406918534310644E-002 .0000000000000000 249998.27157566557
 3.9000000000000004 1.1206685919460646 -.36711970072184370E-002 .0000000000000000 249997.96202195025
 4.0000000000000009 1.1825787966438595 -.18817198232648784E-002 .0000000000000000 249998.55742673957
 4.1000000000000005 1.2000390296818773 .49795967097439038E-003 .0000000000000000 249999.95132081280
 4.2000000000000002 1.1677114858172417 .29981337004576438E-002 .0000000000000000 250001.40096707095
 4.3000000000000007 1.0931857215060594 .46473650854296448E-002 .0000000000000000 250001.84058516193
 4.4000000000000004 .99652655409072421 .47843240533643420E-002 .0000000000000000 250001.38517439232
 4.5000000000000009 .90395849122563210 .36956359952811453E-002 .0000000000000000 250000.64064896456
 4.6000000000000005 .83735303349714829 .20112752284963883E-002 .0000000000000000 249999.99621399795
 4.7000000000000002 .80604615256628276 .46865029313476888E-003 .0000000000000000 249999.76678429436
 4.8000000000000007 .80651689048080977 -.34567823716577718E-003 .0000000000000000 249999.68527044935
 4.9000000000000004 .82830110423105996 -.41307738290185115E-003 .0000000000000000 249999.69838419638
 5.0000000000000009 .86078043855087527 -.36534393434661651E-007 .0000000000000000 250000.00000000003
