 -5.0000000000000000 3.8571430000000002 3207.1354189174917 .0000000000000000 3916666.0931709171
 -4.9500000000000002 3.8571406657749465 3207.1347077468904 .0000000000000000 3916664.3636389095
 -4.9000000000000004 3.8571290435500849 3207.1318887196026 .0000000000000000 3916655.6776589965
 -4.8499999999999996 3.8570833555730411 3207.1221297420129 .0000000000000000 3916620.7789177662
 -4.7999999999999998 3.8569593095814581 3207.0971859792717 .0000000000000000 3916524.0806410331
 -4.7500000000000000 3.8568157369713894 3207.0684716467649 .0000000000000000 3916409.2642595293
 -4.7000000000000002 3.8569500875481095 3207.0939749833706 .0000000000000000 3916511.2301326771
 -4.6500000000000004 3.8575963012361960 3207.2245741806446 .0000000000000000 3917020.6380215748
 -4.5999999999999996 3.8582356215287033 3207.3644776198512 .0000000000000000 3917527.3191693686
 -4.5499999999999998 3.8577890590681312 3207.2883302572136 .0000000000000000 3917169.2634360604
 -4.5000000000000000 3.8561499602686737 3206.9443751440140 .0000000000000000 3915869.1514683221
 -4.4500000000000002 3.8550675786130038 3206.6792551118942 .0000000000000000 3915036.8122572978
 -4.4000000000000004 3.8562768915397507 3206.9002523857403 .0000000000000000 3916032.7740427312
 -4.3499999999999996 3.8586360824013597 3207.4335443947957 .0000000000000000 3917882.2514854711
 -4.2999999999999998 3.8588084460720857 3207.5509484848089 .0000000000000000 3917927.4383730926
 -4.2500000000000000 3.8560098211896974 3206.9655050465349 .0000000000000000 3915673.9890217949
 -4.2000000000000002 3.8544298356449933 3206.5193932784628 .0000000000000000 3914544.3568206085
 -4.1500000000000004 3.8580750297330093 3207.2059376744255 .0000000000000000 3917554.6212280444
 -4.0999999999999996 3.8635826430631401 3208.4760876937817 .0000000000000000 3921776.8301764638
 -4.0499999999999998 3.8624148156060047 3208.4383271047968 .0000000000000000 3920564.7376674847
 -4.0000000000000000 3.8527980417399816 3206.3967804869671 .0000000000000000 3913017.2788095088
 -3.9499999999999997 3.8458862749613796 3204.5768758524273 .0000000000000000 3908067.2160661845
 -3.8999999999999999 3.8538642269469330 3206.0140215199085 .0000000000000000 3914594.3876716620
 -3.8500000000000001 3.8713037081328516 3210.1003022982036 .0000000000000000 3927683.8873296031
 -3.7999999999999998 3.8758781584822732 3211.6879329136823 .0000000000000000 3930540.0924298731
 -3.7500000000000000 3.8550515115207067 3207.1073831059366 .0000000000000000 3914675.6726441816
 -3.6999999999999997 3.8283276407659876 3200.4628040114044 .0000000000000000 3895012.7540738853
 -3.6499999999999999 3.8309177294532146 3200.4476714086877 .0000000000000000 3897173.9556633518
 -3.6000000000000001 3.8708291910506696 3209.8407921385392 .0000000000000000 3926830.6906526382
 -3.5499999999999998 3.9104785030874241 3219.8804835217538 .0000000000000000 3956589.9480892252
 -3.5000000000000000 3.9011978965949714 3217.5832007877448 .0000000000000000 3950522.0743845017
 -3.4499999999999997 3.8394756858921042 3201.6497108006997 .0000000000000000 3904794.2099318733
 -3.3999999999999999 3.7817845217490982 3188.2486787810212 .0000000000000000 3859789.6653655884
 -3.3500000000000001 3.7905327811878782 3193.2708206612779 .0000000000000000 3863465.6960203592
 -3.2999999999999998 3.8666778753487456 3212.1332519127504 .0000000000000000 3921249.1082386314
 -3.2500000000000000 3.9523281628192284 3227.3260348340109 .0000000000000000 3991067.7025185907
 -3.1999999999999997 3.9978536941325125 3231.6787623132805 .0000000000000000 4029712.0129857808
 -3.1499999999999999 4.0024242528370859 3233.2136875106962 .0000000000000000 4030864.4794255518
 -3.1000000000000001 3.9831463035037395 3237.3839798481322 .0000000000000000 4010263.2328434996
 -3.0499999999999998 3.9295855231151045 3231.5395331235159 .0000000000000000 3967793.0487648114
 -3.0000000000000000 3.8181020329338478 3198.4011946077621 .0000000000000000 3888099.5752768544
 -2.9499999999999997 3.6771009973610038 3151.8429891087690 .0000000000000000 3785690.2879778789
 -2.8999999999999999 3.6015783542214415 3136.5976798421066 .0000000000000000 3723656.8343669632
 -2.8500000000000001 3.6588079385752299 3169.4937015047840 .0000000000000000 3756740.7576910160
 -2.7999999999999998 3.8012231743344169 3210.2768931692794 .0000000000000000 3864351.0130159152
 -2.7500000000000000 3.9255021252982396 3220.9258432320435 .0000000000000000 3971704.2851550989
 -2.6999999999999997 3.9936128361633707 3218.4369830305604 .0000000000000000 4032891.8799172039
 -2.6499999999999999 4.0359238407667721 3235.1092166326557 .0000000000000000 4058875.4862536700
 -2.5999999999999996 4.0640127546581324 3260.6831148726847 .0000000000000000 4069303.8190739043
 -2.5499999999999998 4.0529871924167971 3260.3526949263619 .0000000000000000 4061282.3676442634
 -2.5000000000000000 4.0023119551480724 3230.9471379258716 .0000000000000000 4032850.4150163014
 -2.4499999999999997 3.9548697439411606 3207.6218841339460 .0000000000000000 4001729.7394314120
 -2.3999999999999999 3.9433902902210045 3216.7587929163014 .0000000000000000 3985576.1888064723
 -2.3499999999999996 3.9485266645149046 3242.0422273829963 .0000000000000000 3978976.4802368162
 -2.2999999999999998 3.9250178153898907 3244.5783822597132 .0000000000000000 3960377.6890676706
 -2.2500000000000000 3.8588161838210207 3209.7831679075730 .0000000000000000 3918943.7831077902
 -2.1999999999999997 3.7860583386529489 3166.5545814483844 .0000000000000000 3870846.6977159157
 -2.1499999999999999 3.7531393635263570 3156.9215916701414 .0000000000000000 3845143.3349203453
 -2.0999999999999996 3.7629669714300906 3188.1627643507982 .0000000000000000 3848253.5626544524
 -2.0499999999999998 3.7675378316315289 3220.2109106393491 .0000000000000000 3845892.0988048995
 -1.9999999999999998 3.7185346246828415 3206.5778915729838 .0000000000000000 3797373.3257927853
 -1.9499999999999997 3.6267174983321699 3149.1773792096610 .0000000000000000 3718409.0247318423
 -1.8999999999999999 3.5656740887637643 3103.0785373231956 .0000000000000000 3686733.4319477691
 -1.8499999999999999 3.6058891880858028 3115.9620766604598 .0000000000000000 3753156.2026152187
 -1.7999999999999998 3.7448004275610915 3174.8152443298536 .0000000000000000 3869440.3627792364
 -1.7499999999999998 3.9115726164623039 3232.1710465522820 .0000000000000000 3952791.7993601719
 -1.6999999999999997 4.0323462496025178 3265.5024337142245 .0000000000000000 3993950.9581355373
 -1.6499999999999999 4.0727563156071795 3277.1513874355878 .0000000000000000 4036711.9676040569
 -1.5999999999999999 4.0354757154383885 3258.0401120130273 .0000000000000000 4077849.2878456456
 -1.5499999999999998 3.9580800223921853 3202.7822864277700 .0000000000000000 4067044.0434859670
 -1.4999999999999998 3.9107423460612436 3155.0824522100538 .0000000000000000 4004941.3392446022
 -1.4499999999999997 3.9489175441283719 3182.9484976179101 .0000000000000000 3967933.6695358893
 -1.3999999999999999 4.0454673408481314 3286.9862525643412 .0000000000000000 4004804.5925925337
 -1.3499999999999999 4.0943864758499569 3369.3424295961727 .0000000000000000 4058047.8084410615
 -1.2999999999999998 4.0085453481370950 3327.5514345637371 .0000000000000000 4030232.1981782285
 -1.2499999999999998 3.8119510280120403 3169.3301285855237 .0000000000000000 3904882.4010485755
 -1.1999999999999997 3.6272261908036540 3015.3040201943068 .0000000000000000 3770559.7822802942
 -1.1499999999999997 3.5750092405568399 2992.6446202827324 .0000000000000000 3732450.9807156683
 -1.0999999999999999 3.6779295346152105 3126.3810755359550 .0000000000000000 3810040.4856785829
 -1.0499999999999998 3.8389148180752430 3313.1118280080536 .0000000000000000 3912632.5686098561
 -.99999999999999978 3.9114416303245685 3396.8560589006629 .0000000000000000 3915301.9101711400
 -.94999999999999973 3.8246603365315051 3305.8448475611085 .0000000000000000 3785964.3638730841
 -.89999999999999980 3.6568927653634749 3133.2678029928411 .0000000000000000 3650017.0975199775
 -.84999999999999976 3.5569869684260236 3042.6570506250200 .0000000000000000 3676230.6625738046
 -.79999999999999982 3.5808072658393746 3070.8807422732639 .0000000000000000 3853356.9744472508
 -.74999999999999978 3.6584246489396675 3098.8147208467999 .0000000000000000 3968963.9422011967
 -.69999999999999973 3.7486062453965610 3070.2209006088106 .0000000000000000 3909786.5805465798
 -.64999999999999980 3.9285349817261301 3122.2583812389225 .0000000000000000 3857020.9170171013
 -.59999999999999976 4.2332893349502791 3366.9716021175659 .0000000000000000 4017297.4090862470
 -.54999999999999971 4.4831488525370986 3636.5691555187077 .0000000000000000 4281115.1913930364
 -.49999999999999978 4.4199142326851577 3622.9756505687405 .0000000000000000 4338364.9183201734
 -.44999999999999973 4.0214793697636493 3259.9972859736454 .0000000000000000 4077497.3378132707
 -.39999999999999974 3.5807028839186166 2843.7600799586212 .0000000000000000 3741803.1311602993
 -.34999999999999976 3.4352108798519621 2739.4119373868452 .0000000000000000 3667768.9260166450
 -.29999999999999971 3.6533711178473482 3013.0546243206868 .0000000000000000 3901354.4733219431
 -.24999999999999972 4.0020655654719679 3388.8811923662861 .0000000000000000 4150342.8239013208
 -.19999999999999973 4.1941171117007423 3555.2065714329069 .0000000000000000 4141986.6540662120
 -.14999999999999974 4.1321086012536767 3454.4011649850031 .0000000000000000 3913479.2862409935
 -.99999999999999728E-001 3.9284191103101338 3265.7648233424966 .0000000000000000 3711497.0917029674
 -.49999999999999725E-001 3.7518243362567505 3182.3586164080748 .0000000000000000 3721024.6323780017
 .27755575615628914E-015 3.6681747482487594 3222.7950926240133 .0000000000000000 3892387.4190418315
 .50000000000000280E-001 3.5966607209731620 3213.8706736246818 .0000000000000000 3957744.5120283407
 .10000000000000028 3.4522318046308467 3012.6997726742447 .0000000000000000 3724096.3548894608
 .15000000000000030 3.3543226552478673 2788.9732165441355 .0000000000000000 3411898.3222351884
 .20000000000000029 3.5598240245067370 2909.5627295176437 .0000000000000000 3477484.5614657206
 .25000000000000028 4.0727378253448983 3411.4374050692509 .0000000000000000 3987014.3157996805
 .30000000000000027 4.4746518281002983 3802.6738965664404 .0000000000000000 4425388.9237605371
 .35000000000000031 4.3545036476613470 3614.6135485166647 .0000000000000000 4307196.6550986422
 .40000000000000030 3.8337405410877552 3016.4410477927868 .0000000000000000 3803308.3196826759
 .45000000000000029 3.4588250809604904 2644.4156643398760 .0000000000000000 3552974.0493644103
 .50000000000000033 3.5753248388888714 2848.9130140209304 .0000000000000000 3865023.4263697877
 .55000000000000027 3.9744764126840790 3309.6365390858346 .0000000000000000 4311598.2981951935
 .60000000000000031 4.2155062036968980 3487.2907902503389 .0000000000000000 4307452.8257556772
 .65000000000000036 4.1594983577552478 3304.7216943888452 .0000000000000000 3907904.7067808220
 .70000000000000029 4.0329386147444009 3156.2081570503947 .0000000000000000 3686302.5978073156
 .75000000000000033 4.0209202663749588 3294.9743212912226 .0000000000000000 3933408.1608774615
 .80000000000000027 4.0007135000840099 3480.0608658780684 .0000000000000000 4289814.8723935392
 .85000000000000031 3.7492343091146996 3310.1021593469854 .0000000000000000 4181233.3171720789
 .90000000000000036 3.3101374287772343 2782.2653499045523 .0000000000000000 3541343.4047762174
 .95000000000000029 3.0496378322664675 2408.1339548152305 .0000000000000000 3007509.1440167339
 1.0000000000000004 3.2953343160292956 2689.6883541259685 .0000000000000000 3228501.5552159017
 1.0500000000000003 3.9185070818091901 3479.9160841651023 .0000000000000000 4043323.2165513039
 1.1000000000000003 4.3578492954751171 4015.9933327648564 .0000000000000000 4579234.1245876271
 1.1500000000000004 4.1434646655773060 3683.7390626779661 .0000000000000000 4176094.6596430703
 1.2000000000000004 3.4123931695072764 2696.0188699334640 .0000000000000000 3114305.1110949614
 1.2500000000000004 2.8814946400369079 2009.3328450162728 .0000000000000000 2491274.6027623513
 1.3000000000000003 3.1730029081271591 2444.3906109695008 .0000000000000000 3227907.3533735881
 1.3500000000000003 4.0148542540384522 3592.3839981165302 .0000000000000000 4740002.1159050111
 1.4000000000000004 4.3603010283420405 3964.0232419924669 .0000000000000000 5112400.2694071140
 1.4500000000000004 3.6241583026641426 2840.0156536671916 .0000000000000000 3538767.9908785946
 1.5000000000000004 2.4007845754645567 1226.6666244130445 .0000000000000000 1493481.8012959356
 1.5500000000000003 1.5682016763977800 297.00211614739811 .0000000000000000 468273.40676658065
 1.6000000000000003 1.2758108680066202 52.291318359364915 .0000000000000000 284050.96236183785
 1.6500000000000004 1.2010198898278284 10.975734242741055 .0000000000000000 262911.64378552535
 1.7000000000000004 1.1580491622129607 -3.4275948109774403 .0000000000000000 244637.25301358686
 1.7500000000000004 1.1232102751166084 -.81240559444417815 .0000000000000000 249449.01727947229
 1.8000000000000003 1.0833119544771432 .71577695050515255 .0000000000000000 251055.30619903767
 1.8500000000000003 1.0346089492919552 -.29389052099165436 .0000000000000000 249493.80628440256
 1.9000000000000004 .98480499899889196 .31359736215757841E-001 .0000000000000000 250120.51660718585
 1.9500000000000004 .93627179309830511 .80576748494359612E-001 .0000000000000000 250058.21592977876
 2.0000000000000004 .89115871039743710 -.50669803236802612E-001 .0000000000000000 249938.00460033771
 2.0500000000000003 .85303400878735014 .82032258017204467E-002 .0000000000000000 250024.92943337309
 2.1000000000000005 .82408842377876312 .89815573744947679E-002 .0000000000000000 249998.44982772740
 2.1500000000000004 .80599752449076278 -.72099107517943541E-002 .0000000000000000 249995.55193859420
 2.2000000000000002 .80000392101394036 .18939355232474894E-002 .0000000000000000 250002.87577152855
 2.2500000000000004 .80644567311128501 .66616913225967423E-003 .0000000000000000 249999.24281129861
 2.3000000000000003 .82491015532290113 -.10234393706460392E-002 .0000000000000000 249999.88699157420
 2.3500000000000005 .85426780134630131 .23136644257212759E-003 .0000000000000000 250000.17543987150
 2.4000000000000004 .89268741645680949 -.13569158661824553E-003 .0000000000000000 249999.87940327142
 2.4500000000000006 .93777747934854161 -.29044611110065220E-003 .0000000000000000 249999.97954362040
 2.5000000000000004 .98673541153026578 -.18007509914051391E-003 .0000000000000000 249999.96400242427
 2.5500000000000003 1.0365172524946900 -.22688056107703037E-003 .0000000000000000 249999.95780877475
 2.6000000000000005 1.0840295327081644 -.18759406251280162E-003 .0000000000000000 249999.98093612533
 2.6500000000000004 1.1263188990850881 -.14440653983543772E-003 .0000000000000000 250000.01036600358
 2.7000000000000006 1.1607550619495020 -.12354342016500410E-003 .0000000000000000 250000.04622774740
 2.7500000000000004 1.1851959740929423 -.87764583224477009E-004 .0000000000000000 250000.07432969828
 2.8000000000000003 1.1981216302094666 -.41729641936019362E-004 .0000000000000000 250000.09051778819
 2.8500000000000005 1.1987284047726205 .13527461140564422E-004 .0000000000000000 250000.08943400759
 2.9000000000000004 1.1869785702181916 .69281199239389502E-004 .0000000000000000 250000.06936983080
 2.9500000000000006 1.1636026085726343 .11652511403390592E-003 .0000000000000000 250000.03505129664
 3.0000000000000004 1.1300543107362555 .15500179588272717E-003 .0000000000000000 249999.99607460562
 3.0500000000000003 1.0884205606141388 .18262842392004065E-003 .0000000000000000 249999.97098006567
 3.1000000000000005 1.0412907752312754 .18663695158767368E-003 .0000000000000000 249999.98322803271
 3.1500000000000004 .99159482345931826 .14184375560212457E-003 .0000000000000000 250000.04163765174
 3.2000000000000006 .94242102500304348 .32980087954930732E-004 .0000000000000000 250000.13114460054
 3.2500000000000004 .89682580348768970 -.10446335788322962E-003 .0000000000000000 250000.22762543117
 3.3000000000000003 .85764484954938047 -.19355979192527798E-003 .0000000000000000 250000.30467728962
 3.3500000000000005 .82731576334318402 -.19819134566554202E-003 .0000000000000000 250000.32931478461
 3.4000000000000004 .80772449989510986 -.16323799920240289E-003 .0000000000000000 250000.27989315029
 3.4500000000000006 .80008788663062003 -.13725987770796979E-003 .0000000000000000 250000.16929680950
 3.5000000000000004 .80487955663381461 -.10452597891754401E-003 .0000000000000000 250000.03721486218
 3.5500000000000003 .82180159567931754 -.45772589406096346E-004 .0000000000000000 249999.92740997230
 3.6000000000000005 .84980300535086872 -.14480141453722679E-004 .0000000000000000 249999.87695327605
 3.6500000000000004 .88714465707604573 -.80335686508005332E-004 .0000000000000000 249999.90455759323
 3.7000000000000006 .93150576423491127 -.22221014868355985E-003 .0000000000000000 249999.98592298519
 3.7500000000000004 .98012530451291402 -.33594859648851746E-003 .0000000000000000 250000.05590847399
 3.8000000000000007 1.0299751486212463 -.33820350901720943E-003 .0000000000000000 250000.06119586443
 3.8500000000000005 1.0779569538642320 -.23473931484381132E-003 .0000000000000000 250000.00700415918
 3.9000000000000004 1.1210985491300174 -.10540079107411234E-003 .0000000000000000 249999.94868122382
 3.9500000000000006 1.1567240995613002 -.35388570269092806E-004 .0000000000000000 249999.94439196208
 4.0000000000000009 1.1826031282389904 -.40686701663030612E-004 .0000000000000000 250000.00434349067
 4.0500000000000007 1.1971043307016893 -.59478500693213150E-004 .0000000000000000 250000.07759308521
 4.1000000000000005 1.1993381155605960 -.32297465257052935E-004 .0000000000000000 250000.10364593475
 4.1500000000000004 1.1892125168081864 .27944212065054938E-004 .0000000000000000 250000.08048461683
 4.2000000000000002 1.1673676767387304 .68152729281832929E-004 .0000000000000000 250000.05819848165
 4.2500000000000009 1.1350865402832306 .70284609156052823E-004 .0000000000000000 250000.06251209404
 4.3000000000000007 1.0943030814791057 .63961269636053075E-004 .0000000000000000 250000.06611714113
 4.3500000000000005 1.0476299821677171 .81038236538521645E-004 .0000000000000000 250000.04875648671
 4.4000000000000004 .99815665988428892 .11788364903964657E-003 .0000000000000000 250000.02982876520
 4.4500000000000002 .94897782517037366 .14285992956778463E-003 .0000000000000000 250000.02514567866
 4.5000000000000009 .90284597065340400 .14686588149282810E-003 .0000000000000000 250000.02886668156
 4.5500000000000007 .86233677821575749 .16072223471505167E-003 .0000000000000000 250000.03389636090
 4.6000000000000005 .83023124027564632 .18135492156220868E-003 .0000000000000000 250000.03065109774
 4.6500000000000004 .80926684015420924 .13930928111886148E-003 .0000000000000000 250000.01521203149
 4.7000000000000002 .80097519258023675 .17032280477013423E-004 .0000000000000000 250000.00434596324
 4.7500000000000009 .80460372390160606 -.85316833009654861E-004 .0000000000000000 250000.00911455185
 4.8000000000000007 .81743008363503689 -.95084647732177261E-004 .0000000000000000 250000.00311489755
 4.8500000000000005 .83635197234354530 -.62932255141991329E-004 .0000000000000000 249999.96707031861
 4.9000000000000004 .85913627391158520 -.41336792011203832E-004 .0000000000000000 249999.93928208214
 4.9500000000000002 .88436849698788844 -.23482956341050012E-004 .0000000000000000 249999.95243913541
 5.0000000000000009 .91078086403777636 .14211497691070628E-009 .0000000000000000 250000.00000000003
