 -5.0000000000000000 3.8571430000000002 3207.1354173016439 .0000000000000000 3916666.0931709171
 -4.9500000000000002 3.8571598864193151 3207.1390665734575 .0000000000000000 3916679.2173535731
 -4.9000000000000004 3.8571836980495942 3207.1442716713395 .0000000000000000 3916697.5587886791
 -4.8499999999999996 3.8572026792667242 3207.1486982597266 .0000000000000000 3916711.6910745013
 -4.7999999999999998 3.8571614707687072 3207.1408029055751 .0000000000000000 3916678.7943009422
 -4.7500000000000000 3.8569621468069686 3207.0978704239951 .0000000000000000 3916525.5515424754
 -4.7000000000000002 3.8566850073692347 3207.0333723984409 .0000000000000000 3916315.6714465828
 -4.6500000000000004 3.8567933889990735 3207.0510416069465 .0000000000000000 3916400.5298476936
 -4.5999999999999996 3.8576077553035732 3207.2345514131403 .0000000000000000 3917021.0146102542
 -4.5499999999999998 3.8584314871892738 3207.4326517502473 .0000000000000000 3917650.3038774934
 -4.5000000000000000 3.8579357680706243 3207.3249802560576 .0000000000000000 3917279.8494331352
 -4.4500000000000002 3.8560761762767535 3206.8833722351719 .0000000000000000 3915862.9400351518
 -4.4000000000000004 3.8549567378934415 3206.6153643779103 .0000000000000000 3914987.7849214780
 -4.3499999999999996 3.8564198838428605 3206.9838406765907 .0000000000000000 3916078.5323303076
 -4.2999999999999998 3.8588927464747074 3207.5936905861058 .0000000000000000 3917980.7075777524
 -4.2500000000000000 3.8586494688899249 3207.4981129077596 .0000000000000000 3917850.6868499666
 -4.2000000000000002 3.8553126838874210 3206.6274615157404 .0000000000000000 3915321.0713415141
 -4.1500000000000004 3.8539258443774660 3206.3139343327412 .0000000000000000 3914191.0514203045
 -4.0999999999999996 3.8585134619441690 3207.5395334820118 .0000000000000000 3917631.6253124429
 -4.0499999999999998 3.8645390056901756 3208.9895402892089 .0000000000000000 3922311.1128875352
 -4.0000000000000000 3.8626351934668053 3208.3023792702770 .0000000000000000 3921000.5856954674
 -3.9499999999999997 3.8519672965700900 3205.6366775264732 .0000000000000000 3912822.3546648766
 -3.8999999999999999 3.8451901524367305 3204.3583147152622 .0000000000000000 3907407.7462695045
 -3.8500000000000001 3.8541969739141235 3206.8959483252056 .0000000000000000 3914159.7447690987
 -3.7999999999999998 3.8719448081161842 3210.8104300990990 .0000000000000000 3927956.6736656264
 -3.7500000000000000 3.8760063930578421 3210.8849870747017 .0000000000000000 3931460.7286447403
 -3.6999999999999997 3.8554837359216836 3205.8765732392071 .0000000000000000 3915786.5144443014
 -3.6499999999999999 3.8298153463442257 3201.2073778436516 .0000000000000000 3895492.3841056912
 -3.6000000000000001 3.8310764472495853 3202.6573634664892 .0000000000000000 3895878.4608052373
 -3.5499999999999998 3.8661868879805592 3209.4161826881623 .0000000000000000 3923374.5433299630
 -3.5000000000000000 3.9040867560817318 3215.6645400556336 .0000000000000000 3953620.3134753532
 -3.4499999999999997 3.9037785747753273 3215.8998418429637 .0000000000000000 3953440.7999318526
 -3.3999999999999999 3.8551389183912805 3207.8832933243307 .0000000000000000 3914787.5939631276
 -3.3500000000000001 3.7953226471135979 3195.6832604575388 .0000000000000000 3867720.8696109299
 -3.2999999999999998 3.7815759958648720 3189.9540502812742 .0000000000000000 3857878.4062236971
 -3.2500000000000000 3.8379311078285667 3199.3166293872923 .0000000000000000 3903253.4244849226
 -3.1999999999999997 3.9302559628270770 3220.5989593262475 .0000000000000000 3974495.7546418468
 -3.1499999999999999 4.0000200146503140 3239.9518180758419 .0000000000000000 4025648.9666362596
 -3.1000000000000001 4.0153719298849433 3243.8862622741103 .0000000000000000 4036570.4112867583
 -3.0499999999999998 3.9842758424013636 3231.2407046742646 .0000000000000000 4016294.0580971953
 -3.0000000000000000 3.9284304739983535 3214.6665056971265 .0000000000000000 3976828.6997194001
 -2.9499999999999997 3.8535958874890524 3204.2728467053021 .0000000000000000 3916559.9168962194
 -2.8999999999999999 3.7529757734565332 3191.9768411357372 .0000000000000000 3832032.6682490529
 -2.8500000000000001 3.6495310847308819 3167.0317981504254 .0000000000000000 3749692.7475719810
 -2.7999999999999998 3.6149918433877812 3145.0799829576990 .0000000000000000 3729938.1165835443
 -2.7500000000000000 3.7042149771093080 3157.2054518385962 .0000000000000000 3806705.1638529846
 -2.6999999999999997 3.8743029063799082 3204.8832917260324 .0000000000000000 3934168.4532294380
 -2.6499999999999999 4.0141073459103458 3249.4149841975932 .0000000000000000 4030935.8146262816
 -2.5999999999999996 4.0579780178061169 3257.0444090768328 .0000000000000000 4063692.9338453016
 -2.5499999999999998 4.0359363882461565 3237.9171659905151 .0000000000000000 4058355.2727245055
 -2.5000000000000000 4.0129424875374378 3227.2301107707403 .0000000000000000 4048511.3802190050
 -2.4499999999999997 4.0128503214076776 3238.5336614783077 .0000000000000000 4041565.6740798671
 -2.3999999999999999 4.0107766232668904 3251.1356707309437 .0000000000000000 4027922.2175063053
 -2.3499999999999996 3.9789529254228277 3241.4992653832101 .0000000000000000 4002276.4405447859
 -2.2999999999999998 3.9237735216874605 3214.4569453723434 .0000000000000000 3971091.2206690079
 -2.2500000000000000 3.8773768739301304 3196.8736237940038 .0000000000000000 3945081.9129349198
 -2.1999999999999997 3.8588859086003593 3203.3285585622516 .0000000000000000 3926561.7000004742
 -2.1499999999999999 3.8526685098893423 3217.2470443380812 .0000000000000000 3906436.9958423399
 -2.0999999999999996 3.8308358352818739 3213.7294348164105 .0000000000000000 3878713.7592953886
 -2.0499999999999998 3.7875504565377360 3192.7585401877145 .0000000000000000 3851830.6702499539
 -1.9999999999999998 3.7342531712105114 3171.6644960278845 .0000000000000000 3830872.9806944346
 -1.9499999999999997 3.6729388724659833 3152.9590840550377 .0000000000000000 3797629.8259396185
 -1.8999999999999999 3.6104070531635712 3132.4749768228157 .0000000000000000 3740238.4234743975
 -1.8499999999999999 3.5920530977604059 3132.9591482380379 .0000000000000000 3699899.1996387807
 -1.7999999999999998 3.6632891265969678 3178.6119108034500 .0000000000000000 3739357.9555749800
 -1.7499999999999998 3.7880349066572219 3234.0506987433323 .0000000000000000 3850080.3823553571
 -1.6999999999999997 3.8720756163474097 3231.5053131286486 .0000000000000000 3944091.3810008005
 -1.6499999999999999 3.8889323058049081 3174.6218954384481 .0000000000000000 3968703.9432730987
 -1.5999999999999999 3.9155826776495686 3153.2014671972006 .0000000000000000 3975453.6897283220
 -1.5499999999999998 4.0108784377619706 3223.7458499139357 .0000000000000000 4029161.8774880101
 -1.4999999999999998 4.1163922758936806 3321.9422709029400 .0000000000000000 4098486.6440591551
 -1.4499999999999997 4.1236509769289791 3335.4080184669633 .0000000000000000 4098966.3307296862
 -1.3999999999999999 4.0108384983581553 3241.8703343222710 .0000000000000000 4017762.6857186942
 -1.3499999999999999 3.8717992881570047 3135.1718861252616 .0000000000000000 3935898.1079823021
 -1.2999999999999998 3.8147983081159356 3116.1390629244829 .0000000000000000 3925642.9087510491
 -1.2499999999999998 3.8601895333270067 3190.1435770170669 .0000000000000000 3967718.0738118989
 -1.1999999999999997 3.9393662851059803 3280.2326978298202 .0000000000000000 3987949.3964151083
 -1.1499999999999997 3.9680540836312734 3312.3756299189977 .0000000000000000 3947906.6254514651
 -1.0999999999999999 3.9090920624759842 3270.5220543667970 .0000000000000000 3874338.3796585202
 -1.0499999999999998 3.7855254148577813 3190.3525069817683 .0000000000000000 3818281.4926545992
 -.99999999999999978 3.6528374597592248 3120.1731700787150 .0000000000000000 3802915.4185596122
 -.94999999999999973 3.5550444124445493 3079.1275920902517 .0000000000000000 3796128.5791756329
 -.89999999999999980 3.5092657906802578 3055.6143065062274 .0000000000000000 3744432.7609867877
 -.84999999999999976 3.5386865611493574 3062.2844477588178 .0000000000000000 3667347.5940864636
 -.79999999999999982 3.6822272872646256 3155.5832164989106 .0000000000000000 3681479.8062467710
 -.74999999999999978 3.9170240326821091 3338.0989661437588 .0000000000000000 3855851.8615874127
 -.69999999999999973 4.0977703096667719 3470.3800678638090 .0000000000000000 4067136.8817386706
 -.64999999999999980 4.0647955253872041 3383.3939440734684 .0000000000000000 4102861.9456435530
 -.59999999999999976 3.8399784469912044 3104.9406639916187 .0000000000000000 3935256.6323507433
 -.54999999999999971 3.6492321358885169 2887.8205362329818 .0000000000000000 3794311.9622244262
 -.49999999999999978 3.7013455404009430 2949.3363968632111 .0000000000000000 3886657.5388861643
 -.44999999999999973 3.9732615099474717 3229.0390341488892 .0000000000000000 4118505.2766405474
 -.39999999999999974 4.2495403707846418 3470.5688000412574 .0000000000000000 4224762.6737056775
 -.34999999999999976 4.3445139789053862 3508.6879854791414 .0000000000000000 4116871.5327500100
 -.29999999999999971 4.2394343254789684 3394.9067138780911 .0000000000000000 3954280.5890771695
 -.24999999999999972 4.0272885016550140 3262.0125000862595 .0000000000000000 3906624.0311216032
 -.19999999999999973 3.7975835290944060 3162.3755245875677 .0000000000000000 3965263.1587566189
 -.14999999999999974 3.5992048807681232 3063.1604459882196 .0000000000000000 3978995.5041571138
 -.99999999999999728E-001 3.4755297948186934 2953.5118058828266 .0000000000000000 3843571.6503927996
 -.49999999999999725E-001 3.4858400883924250 2916.4302605567209 .0000000000000000 3656985.5949029308
 .27755575615628914E-015 3.6573186562724072 3056.6560897472509 .0000000000000000 3627646.3564197086
 .50000000000000280E-001 3.9142846504182240 3348.3969990380069 .0000000000000000 3818836.8061959366
 .10000000000000028 4.0917132976336417 3597.8440790126288 .0000000000000000 4053902.6571408338
 .15000000000000030 4.0516242454865150 3589.1400201664651 .0000000000000000 4077049.2315274784
 .20000000000000029 3.8040046019248392 3289.5855720464046 .0000000000000000 3815685.8790824427
 .25000000000000028 3.5301159694160957 2932.1147664799942 .0000000000000000 3523111.1678028759
 .30000000000000027 3.4601170318885073 2836.4425813572489 .0000000000000000 3563554.4982765522
 .35000000000000031 3.6657754549626560 3070.1654458717730 .0000000000000000 3950691.2007552432
 .40000000000000030 3.9823826840571601 3355.9152381348263 .0000000000000000 4257033.5787875354
 .45000000000000029 4.1923389384378016 3418.3602478146599 .0000000000000000 4164502.6254535806
 .50000000000000033 4.2469616351666168 3317.8422355238563 .0000000000000000 3898425.4097718047
 .55000000000000027 4.2274081653885967 3286.1218795597383 .0000000000000000 3872932.4144568262
 .60000000000000031 4.1516841699775862 3345.9695664036813 .0000000000000000 4116584.3335053162
 .65000000000000036 3.9570058040088480 3294.4561860502713 .0000000000000000 4267796.3534151418
 .70000000000000029 3.6724262902039451 3035.4784058992200 .0000000000000000 4054780.5941425422
 .75000000000000033 3.4961263175964117 2787.3824024626201 .0000000000000000 3679420.0358065739
 .80000000000000027 3.6199492197473853 2871.6912583256999 .0000000000000000 3603198.3557165279
 .85000000000000031 3.9789760773395417 3295.8852484633098 .0000000000000000 3934759.5645170286
 .90000000000000036 4.2492343567529929 3667.9547587971929 .0000000000000000 4264424.2407991262
 .95000000000000029 4.1530741650900485 3606.0076474969537 .0000000000000000 4165169.9538922342
 1.0000000000000004 3.7427766464598879 3155.2349539048760 .0000000000000000 3679686.0711498810
 1.0500000000000003 3.3511141216395774 2743.5608417391245 .0000000000000000 3281316.9591577323
 1.1000000000000003 3.2700600740871950 2751.5618831277857 .0000000000000000 3400689.0527623785
 1.1500000000000004 3.4735022094566483 3111.4866907820965 .0000000000000000 3923301.1421329817
 1.2000000000000004 3.6699007810821529 3357.6509907670220 .0000000000000000 4212294.9521607477
 1.2500000000000004 3.6707683093592598 3186.4541083475619 .0000000000000000 3870665.9051963743
 1.3000000000000003 3.6444611154249702 2893.4700093840556 .0000000000000000 3352983.3712591985
 1.3500000000000003 3.8712073188705389 3008.6548379842898 .0000000000000000 3425506.0400823401
 1.4000000000000004 4.2805076876759722 3533.2428812120165 .0000000000000000 4149711.8622651417
 1.4500000000000004 4.4144136401195890 3831.1414989808982 .0000000000000000 4726057.3380897734
 1.5000000000000004 3.9420728047044573 3342.1127457187195 .0000000000000000 4326811.9743229812
 1.5500000000000003 3.1824897092429141 2345.2090924240306 .0000000000000000 3172665.1888870015
 1.6000000000000003 2.9770086432386593 1946.9252492655903 .0000000000000000 2649099.8202953921
 1.6500000000000004 3.7591658695854684 2869.4698181986846 .0000000000000000 3675633.9452958205
 1.7000000000000004 4.7749490689045784 4186.4757808550758 .0000000000000000 5123155.1213240847
 1.7500000000000004 4.7759972395416073 4196.5198331870979 .0000000000000000 4997581.2625806415
 1.8000000000000003 3.5611169417216679 2680.9307942065584 .0000000000000000 3138948.8826817167
 1.8500000000000003 2.1282373330795381 1041.7143595791922 .0000000000000000 1262998.7066604446
 1.9000000000000004 1.2965246896772489 244.09714388441645 .0000000000000000 442525.38121074595
 1.9500000000000004 1.0040436950570668 46.437878326711186 .0000000000000000 286093.91789486795
 2.0000000000000004 .90241607637094823 5.1689142020529513 .0000000000000000 255263.08232925273
 2.0500000000000003 .85042550341407619 -2.9696255318571483 .0000000000000000 246273.01205793841
 2.1000000000000005 .82356464498416637 .23217222588294062 .0000000000000000 250578.88425744986
 2.1500000000000004 .80651927752101749 .17533060624748323 .0000000000000000 250203.22904665355
 2.2000000000000002 .79977303074226369 -.16834074999054816 .0000000000000000 249765.63077121985
 2.2500000000000004 .80648125302264217 .91467942983106273E-001 .0000000000000000 250138.65126971350
 2.3000000000000003 .82496698992803885 .14347747926626159E-003 .0000000000000000 249976.82556387788
 2.3500000000000005 .85423106404731197 -.19192572708284283E-001 .0000000000000000 249986.56344631952
 2.4000000000000004 .89269937645285136 .11448497820780423E-001 .0000000000000000 250014.23122811640
 2.4500000000000006 .93777870679343012 -.26411274153580145E-002 .0000000000000000 249993.83088635380
 2.5000000000000004 .98673119392629127 -.14952820583199640E-002 .0000000000000000 250000.66342974914
 2.5500000000000003 1.0365203596359747 .11317668500598853E-002 .0000000000000000 250001.03271833918
 2.6000000000000005 1.0840284866617032 -.78270158269859837E-003 .0000000000000000 249999.21449150861
 2.6500000000000004 1.1263183115058162 -.15030988229521519E-003 .0000000000000000 250000.23256006255
 2.7000000000000006 1.1607553354155173 -.53238168493393277E-004 .0000000000000000 250000.03941185953
 2.7500000000000004 1.1851953784535958 -.18786333723123781E-003 .0000000000000000 249999.91857704581
 2.8000000000000003 1.1981212497150822 -.70449391933291979E-006 .0000000000000000 250000.00436618199
 2.8500000000000005 1.1987280781730638 .30542861886834546E-004 .0000000000000000 249999.96828650252
 2.9000000000000004 1.1869781467530962 .87498403772540612E-004 .0000000000000000 249999.96594422666
 2.9500000000000006 1.1636023405216034 .14632907701199474E-003 .0000000000000000 249999.99202035152
 3.0000000000000004 1.1300542381591430 .13875469939531433E-003 .0000000000000000 250000.02953088380
 3.0500000000000003 1.0884207499814975 .92509910921171817E-004 .0000000000000000 250000.09700802059
 3.1000000000000005 1.0412912361145237 .12421993430912828E-004 .0000000000000000 250000.19139308750
 3.1500000000000004 .99159542535805856 -.77948474794258603E-004 .0000000000000000 250000.28541645774
 3.2000000000000006 .94242158721946578 -.15399421977991770E-003 .0000000000000000 250000.33905730609
 3.2500000000000004 .89682612465676936 -.18433080096740906E-003 .0000000000000000 250000.32715550155
 3.3000000000000003 .85764477190353228 -.12652732456366767E-003 .0000000000000000 250000.25235248107
 3.3500000000000005 .82731533071665109 .32815058098728311E-005 .0000000000000000 250000.13420916421
 3.4000000000000004 .80772403413667415 .10803886630067232E-003 .0000000000000000 250000.01027325928
 3.4500000000000006 .80008773944209932 .11077615942922224E-003 .0000000000000000 249999.93244504018
 3.5000000000000004 .80487971915412571 .37689883182370679E-004 .0000000000000000 249999.93209002161
 3.5500000000000003 .82180177870038718 -.46115708270490009E-004 .0000000000000000 249999.99258683927
 3.6000000000000005 .84980322965194333 -.12926938891312401E-003 .0000000000000000 250000.06614586749
 3.6500000000000004 .88714534710091941 -.22110282272422665E-003 .0000000000000000 250000.10986500332
 3.7000000000000006 .93150680511319528 -.28109346017100834E-003 .0000000000000000 250000.09895615614
 3.7500000000000004 .98012551417656812 -.25967305279759098E-003 .0000000000000000 250000.03218191431
 3.8000000000000007 1.0299737773470150 -.18130849292319568E-003 .0000000000000000 249999.94810371200
 3.8500000000000005 1.0779555195794002 -.12456372357690394E-003 .0000000000000000 249999.90695016019
 3.9000000000000004 1.1210993634162010 -.12973763592841078E-003 .0000000000000000 249999.93203802459
 3.9500000000000006 1.1567263064976405 -.16079839251032744E-003 .0000000000000000 249999.98557196624
 4.0000000000000009 1.1826026707633039 -.15516740678856719E-003 .0000000000000000 250000.01339691062
 4.0500000000000007 1.1971001621296333 -.96274516723568671E-004 .0000000000000000 250000.00407024851
 4.1000000000000005 1.1993359223947515 -.28347279311942429E-004 .0000000000000000 249999.99439671999
 4.1500000000000004 1.1892173763553882 .66718236925215870E-005 .0000000000000000 250000.01865963370
 4.2000000000000002 1.1673739644701819 .24906276919687486E-004 .0000000000000000 250000.06380809876
 4.2500000000000009 1.1350828365758532 .61812244349275470E-004 .0000000000000000 250000.08557950618
 4.3000000000000007 1.0942903528499932 .10658481225001511E-003 .0000000000000000 250000.06856074932
 4.3500000000000005 1.0476260336120586 .12747562456390848E-003 .0000000000000000 250000.04794239608
 4.4000000000000004 .99817259202213671 .13068313572404120E-003 .0000000000000000 250000.05040647546
 4.4500000000000002 .94899581696028990 .14005710580476289E-003 .0000000000000000 250000.05087732323
 4.5000000000000009 .90283719969660858 .15951799496820984E-003 .0000000000000000 250000.03103845910
 4.5500000000000007 .86230466761997659 .18533236429655375E-003 .0000000000000000 250000.01739216829
 4.6000000000000005 .83021786276588083 .19466143807981434E-003 .0000000000000000 250000.02028893880
 4.6500000000000004 .80929963829535900 .13586446919932644E-003 .0000000000000000 250000.02081385878
 4.7000000000000002 .80101747058216388 .13339599105809601E-004 .0000000000000000 250000.01845541428
 4.7500000000000009 .80458071888294502 -.73421501042854193E-004 .0000000000000000 250000.02566009702
 4.8000000000000007 .81730604160065090 -.65243754480252592E-004 .0000000000000000 250000.02738943137
 4.8500000000000005 .83616503004924070 -.24132069544229064E-004 .0000000000000000 249999.99947722911
 4.9000000000000004 .85896032692479607 -.73851488700324899E-005 .0000000000000000 249999.97032832957
 4.9500000000000002 .88426359851125025 -.43105206714448064E-005 .0000000000000000 249999.97206213488
 5.0000000000000009 .91078086403777636 .14377244447602024E-009 .0000000000000000 250000.00000000003
