 -5.0000000000000000 3.8571430000000002 3207.3613416233370 .0000000000000000 3916666.0931709171
 -4.9000000000000004 3.8573841425523598 3207.4140817931652 .0000000000000000 3916852.3247934617
 -4.7999999999999998 3.8576629704355798 3207.4747720881783 .0000000000000000 3917068.8057705290
 -4.7000000000000002 3.8578123137252938 3207.5091476126890 .0000000000000000 3917182.0655407151
 -4.5999999999999996 3.8572241956518503 3207.3879881283633 .0000000000000000 3916720.3888411066
 -4.5000000000000000 3.8538666279161657 3206.6480422764448 .0000000000000000 3914130.5365904835
 -4.4000000000000004 3.8462047865137534 3204.9498733917999 .0000000000000000 3908206.6715543112
 -4.2999999999999998 3.8397252710469951 3203.5323093921861 .0000000000000000 3903174.5930218375
 -4.2000000000000002 3.8458998752176878 3204.8555372472424 .0000000000000000 3907957.8538107923
 -4.0999999999999996 3.8644728573689666 3208.9103454238079 .0000000000000000 3922314.3964737603
 -4.0000000000000000 3.8728128525612244 3210.7895422585925 .0000000000000000 3928800.4024878358
 -3.8999999999999999 3.8543374853990260 3206.7079965539465 .0000000000000000 3914599.2511905693
 -3.7999999999999998 3.8379861713001064 3203.2227044816391 .0000000000000000 3901717.4122959678
 -3.6999999999999997 3.8732418572031189 3210.6298641481230 .0000000000000000 3928835.1775032897
 -3.6000000000000001 3.9532537477486049 3226.7779194573682 .0000000000000000 3991183.2338509518
 -3.5000000000000000 4.0004147052569294 3237.0542256968288 .0000000000000000 4027777.3298163721
 -3.3999999999999999 3.9469454150010215 3226.9204444419670 .0000000000000000 3986232.7097728550
 -3.2999999999999998 3.8232682258611783 3199.4970740504068 .0000000000000000 3890928.1691378248
 -3.1999999999999997 3.7569171964873944 3184.0052104023821 .0000000000000000 3839311.4010891663
 -3.1000000000000001 3.8388972815116365 3202.3515659688042 .0000000000000000 3901670.3938570200
 -3.0000000000000000 3.9943776796947295 3235.1952493600456 .0000000000000000 4022158.9936838853
 -2.8999999999999999 4.0655354225870930 3248.4300948659402 .0000000000000000 4078857.1231011101
 -2.7999999999999998 4.0026328068049013 3234.6723645223797 .0000000000000000 4031293.6375821279
 -2.6999999999999997 3.8867990432577271 3212.8545947346211 .0000000000000000 3939885.6202182234
 -2.5999999999999996 3.7941519061824529 3197.1759171086969 .0000000000000000 3864782.2142817937
 -2.5000000000000000 3.7192492951786051 3177.0499155017733 .0000000000000000 3808969.1071334030
 -2.3999999999999999 3.6501900712622168 3150.3777685450800 .0000000000000000 3762553.3795160167
 -2.2999999999999998 3.6514215815340201 3154.8331457725130 .0000000000000000 3759862.8563599493
 -2.1999999999999997 3.7688200219986734 3199.8491127864613 .0000000000000000 3838610.1219788091
 -2.0999999999999996 3.9132594044275728 3222.7041954077972 .0000000000000000 3957290.6596252229
 -1.9999999999999998 3.9921262270181179 3207.9807752073893 .0000000000000000 4039291.7703466807
 -1.8999999999999999 4.0426899779360781 3232.6669681961548 .0000000000000000 4071118.7680711094
 -1.7999999999999998 4.0700828401583751 3288.0596543965271 .0000000000000000 4056060.9961564629
 -1.6999999999999997 3.9571489664929258 3246.3400885139145 .0000000000000000 3970361.0278119054
 -1.5999999999999999 3.6961452088931659 3092.4393528691444 .0000000000000000 3843549.8094751863
 -1.4999999999999998 3.4795514584431175 2973.1998291150258 .0000000000000000 3736849.9460996711
 -1.3999999999999999 3.4415253232261946 2980.0975498602634 .0000000000000000 3685092.9332622541
 -1.2999999999999998 3.5020886457104758 3039.2322600978587 .0000000000000000 3710382.7471891497
 -1.1999999999999997 3.5994943508250019 3073.0585567298799 .0000000000000000 3779833.5655445876
 -1.0999999999999999 3.8613243832667279 3195.8581599413665 .0000000000000000 3913956.1779044336
 -.99999999999999978 4.1719287469430535 3382.5828661563746 .0000000000000000 4107740.5892030969
 -.89999999999999980 4.0816223542782213 3256.4040539987900 .0000000000000000 4073477.0412787898
 -.79999999999999982 3.8173760917846757 3028.4088498238875 .0000000000000000 3923146.6167531395
 -.69999999999999973 3.9910479780807218 3257.6408698401438 .0000000000000000 4032468.1855254509
 -.59999999999999976 3.8703023586397611 3124.8095541127827 .0000000000000000 3576373.9099750654
 -.49999999999999978 2.5631339967308864 1793.8123533865978 .0000000000000000 1952922.9894384092
 -.39999999999999974 1.1653663138976418 437.86798904771985 .0000000000000000 541401.26703491993
 -.29999999999999971 .80994955768379973 57.080848255269046 .0000000000000000 250335.95224474181
 -.19999999999999973 .90711684896091616 58.854908538533948 .0000000000000000 301939.45192252035
 -.99999999999999728E-001 .90480302886703801 -.99942573437047599 .0000000000000000 243589.01850688664
 .27755575615628914E-015 .97903024152792251 -9.5438892649736218 .0000000000000000 239951.12009678670
 .10000000000000028 1.1070333648496566 5.7298344320362764 .0000000000000000 257132.24428006346
 .20000000000000029 1.1685088596356279 -.79475855366382964 .0000000000000000 248599.37615400623
 .30000000000000027 1.1956529633213899 -1.1337097519351635 .0000000000000000 249022.66009028343
 .40000000000000030 1.1841071023663035 .91721689895904213 .0000000000000000 250947.38747659387
 .50000000000000033 1.1194709184183964 -.18587545248357737 .0000000000000000 249724.23598546701
 .60000000000000031 1.0275602295616815 -.16492863406433397 .0000000000000000 249902.54519150424
 .70000000000000029 .93027595868549395 .15117741697585230 .0000000000000000 250122.46398197245
 .80000000000000027 .84863141011680110 -.38235016536410482E-001 .0000000000000000 249965.60132326916
 .90000000000000036 .80450459803116869 -.20759074056437524E-001 .0000000000000000 249984.86852422552
 1.0000000000000004 .80838044392506214 .21512880359082297E-001 .0000000000000000 250019.64451567360
 1.1000000000000003 .85892572558689095 -.59959727516832794E-002 .0000000000000000 249997.42880174634
 1.2000000000000004 .94410124739598245 -.25233001320359417E-002 .0000000000000000 249996.38695881225
 1.3000000000000003 1.0429902663681374 .28149170647079301E-002 .0000000000000000 250001.61004846502
 1.4000000000000004 1.1313425890748841 -.43006195762921841E-003 .0000000000000000 249998.61598153965
 1.5000000000000004 1.1875576271222206 -.21626117366479978E-003 .0000000000000000 249999.03436291730
 1.6000000000000003 1.1978347102925384 .22172186369059325E-003 .0000000000000000 249999.96790808547
 1.7000000000000004 1.1596471986307164 -.27221103505702679E-003 .0000000000000000 249999.19724877714
 1.8000000000000003 1.0823673313076312 -.73074641209838005E-004 .0000000000000000 249998.91436386091
 1.9000000000000004 .98493817648936710 .44836577201384916E-003 .0000000000000000 249999.37069358476
 2.0000000000000004 .89122127671105034 .88692143052848085E-003 .0000000000000000 250000.37148806109
 2.1000000000000005 .82414729012121546 .86358664925639719E-003 .0000000000000000 250001.28564205579
 2.2000000000000002 .80011398491070074 -.11084450634236709E-004 .0000000000000000 250001.59670252071
 2.3000000000000003 .82499458337782861 -.88275947591208773E-003 .0000000000000000 250001.30973998227
 2.4000000000000004 .89271017608363434 -.86575637327728557E-003 .0000000000000000 250000.37153106683
 2.5000000000000004 .98670428394268073 -.37767115652453595E-003 .0000000000000000 249999.30538692375
 2.6000000000000005 1.0839761631378249 -.29210961400572671E-004 .0000000000000000 249999.00048772787
 2.7000000000000006 1.1607050325562593 .10118225671907718E-003 .0000000000000000 249999.37932286321
 2.8000000000000003 1.1980854097098335 .10551065745723186E-003 .0000000000000000 249999.59421430802
 2.9000000000000004 1.1869421165963998 .15269949467289518E-003 .0000000000000000 249999.23637501447
 3.0000000000000004 1.1300008953282252 .72197959658113162E-004 .0000000000000000 249998.83402997596
 3.1000000000000005 1.0412387862486245 -.56255837484608560E-003 .0000000000000000 249999.31785933988
 3.2000000000000006 .94242616889878095 -.12226374888864822E-002 .0000000000000000 250000.86218986212
 3.3000000000000003 .85772609152145141 -.98942172589841829E-003 .0000000000000000 250002.24130370776
 3.4000000000000004 .80780305184123424 -.30456776811962915E-003 .0000000000000000 250002.32444318102
 3.5000000000000004 .80490618147398141 .20419242481647414E-004 .0000000000000000 250001.54101148844
 3.6000000000000005 .84987000482012243 .15297922036468806E-003 .0000000000000000 250000.53098715108
 3.7000000000000006 .93164850907979391 .17733025528001133E-003 .0000000000000000 249999.52711997982
 3.8000000000000007 1.0299659734541191 -.10500728929691496E-003 .0000000000000000 249999.14579581775
 3.9000000000000004 1.1207666155633684 -.39531420408775886E-003 .0000000000000000 249999.49644696323
 4.0000000000000009 1.1823444060408563 -.42119183687451973E-003 .0000000000000000 249999.84174842885
 4.1000000000000005 1.1998147325981485 -.18050761157375098E-003 .0000000000000000 249999.70013173192
 4.2000000000000002 1.1679554929006959 .35362620393069504E-003 .0000000000000000 249999.04815262908
 4.3000000000000007 1.0936822289697556 .98763056210924779E-003 .0000000000000000 249998.24489171538
 4.4000000000000004 .99655285543592831 .14790428968948668E-002 .0000000000000000 249998.04445321212
 4.5000000000000009 .90326103580026262 .16498265708638571E-002 .0000000000000000 249998.56316462471
 4.6000000000000005 .83643417857499491 .14012134064787043E-002 .0000000000000000 249999.44880778811
 4.7000000000000002 .80543548669960097 .13232128882426013E-002 .0000000000000000 250000.80798845785
 4.8000000000000007 .80629029164040444 .15811802593613698E-002 .0000000000000000 250001.84550784298
 4.9000000000000004 .82827950842061493 .12644231659954942E-002 .0000000000000000 250001.53824210272
 5.0000000000000009 .86078043855087527 -.29773257554179112E-007 .0000000000000000 250000.00000000003
