 -5.0000000000000000 3.8571430000000002 3207.3667558381767 .0000000000000000 3916666.0931709171
 -4.9000000000000004 3.8556767261414913 3207.0437914546997 .0000000000000000 3915528.7895684829
 -4.7999999999999998 3.8530253357322053 3206.4619439542425 .0000000000000000 3913487.7001635055
 -4.7000000000000002 3.8485385102502123 3205.4699236788510 .0000000000000000 3910013.4953760738
 -4.5999999999999996 3.8432972472607574 3204.3307858458347 .0000000000000000 3905884.4327766118
 -4.5000000000000000 3.8449022823680634 3204.7665173828627 .0000000000000000 3907073.1761675412
 -4.4000000000000004 3.8603789749377109 3208.1824575710380 .0000000000000000 3919250.5546787214
 -4.2999999999999998 3.8747424769493186 3210.8806869937939 .0000000000000000 3930642.4259338044
 -4.2000000000000002 3.8617975397312319 3207.8242074448922 .0000000000000000 3920186.1183242025
 -4.0999999999999996 3.8369409389046063 3203.8289867124186 .0000000000000000 3900280.3593613319
 -4.0000000000000000 3.8578378667490689 3207.8703860159440 .0000000000000000 3917578.9559191749
 -3.8999999999999999 3.9411653864719081 3221.2787331764134 .0000000000000000 3983228.7664529304
 -3.7999999999999998 4.0135805831243845 3239.1079573290931 .0000000000000000 4036641.9643496317
 -3.6999999999999997 3.9704427562565474 3237.4750031846042 .0000000000000000 4000862.0251595532
 -3.6000000000000001 3.8110902862095020 3196.3239812470383 .0000000000000000 3882445.4756209534
 -3.5000000000000000 3.7121788460946941 3166.1651891493434 .0000000000000000 3811156.4148087860
 -3.3999999999999999 3.8262730841663570 3201.8135029950076 .0000000000000000 3889709.6348797558
 -3.2999999999999998 4.0267312673500051 3250.7127170952454 .0000000000000000 4034926.3106546900
 -3.1999999999999997 4.0779453981915932 3244.9263316584252 .0000000000000000 4097657.7007743795
 -3.1000000000000001 3.9714555832457421 3207.0124117277596 .0000000000000000 4033462.0687177582
 -3.0000000000000000 3.8855964775323075 3212.8220250298900 .0000000000000000 3921423.2161840950
 -2.8999999999999999 3.8635802037743328 3269.5365981156042 .0000000000000000 3875413.8380920924
 -2.7999999999999998 3.6747183453033787 3164.5518975258556 .0000000000000000 3800847.9134099535
 -2.6999999999999997 3.3150788133262394 2861.3488340834488 .0000000000000000 3613554.2732159481
 -2.5999999999999996 3.3233050527213366 2863.9839580187763 .0000000000000000 3640198.2419058471
 -2.5000000000000000 3.7388197533233116 3179.3338510924605 .0000000000000000 3861920.3681478663
 -2.3999999999999999 3.8818786143932442 3179.9283837357389 .0000000000000000 3894722.1781041957
 -2.2999999999999998 3.8383968456072215 3088.9235278208548 .0000000000000000 4002330.5102725415
 -2.1999999999999997 3.8242024795310021 2996.3116068080290 .0000000000000000 3770980.3035467267
 -2.0999999999999996 3.0352063576630477 2002.1925467383717 .0000000000000000 2227611.1763940346
 -1.9999999999999998 1.6471876373161090 572.99114022728600 .0000000000000000 567637.80341494072
 -1.8999999999999999 .97485357221302393 16.831753802897818 .0000000000000000 196230.06178794379
 -1.7999999999999998 .96719895961579450 48.744585350280566 .0000000000000000 311898.72496839642
 -1.6999999999999997 .86883550623395789 8.3487131694459329 .0000000000000000 246543.16678391266
 -1.5999999999999999 .77158426091611965 -15.806859519306379 .0000000000000000 233883.03077714879
 -1.4999999999999998 .81870541207455716 6.1372623771355972 .0000000000000000 258664.79104837062
 -1.3999999999999999 .87520616395098350 .64078178781874007 .0000000000000000 249505.26289346814
 -1.2999999999999998 .95100341459876359 -2.0326602213612532 .0000000000000000 248311.87177319993
 -1.1999999999999997 1.0573357691832015 .97439600172311924 .0000000000000000 250921.77170537860
 -1.0999999999999999 1.1420644668425157 .52335322077297353E-002 .0000000000000000 249977.66516125711
 -.99999999999999978 1.1907386452109863 -.25379880030960394 .0000000000000000 249795.98835809657
 -.89999999999999980 1.1958084523348345 .13129329234307527 .0000000000000000 250101.11974921878
 -.79999999999999982 1.1514237660340265 -.16411304871067900E-002 .0000000000000000 250000.55260087780
 -.69999999999999973 1.0699874914866845 -.20085477021899618E-001 .0000000000000000 249973.49378896356
 -.59999999999999976 .97182287401993461 .20904537970243296E-001 .0000000000000000 250014.02375602350
 -.49999999999999978 .88032514730205436 .34044163781021576E-002 .0000000000000000 249999.88173740392
 -.39999999999999974 .81817388382077472 -.30449533009498401E-004 .0000000000000000 249996.86889044847
 -.29999999999999971 .80056831603206990 .10224916216710076E-002 .0000000000000000 250001.62921326343
 -.19999999999999973 .83174650587529086 -.34486831953783157E-002 .0000000000000000 249999.95948444595
 -.99999999999999728E-001 .90412326900787254 -.55199709767088049E-002 .0000000000000000 250000.12705274811
 .27755575615628914E-015 .99998189673566829 -.61976454374078806E-002 .0000000000000000 250000.49816288627
 .10000000000000028 1.0958546460890377 -.64103117500525194E-002 .0000000000000000 249999.92134370122
 .20000000000000029 1.1682675113015129 -.44840498434800015E-002 .0000000000000000 249999.48341158041
 .30000000000000027 1.1994774392845895 -.65259378211435801E-003 .0000000000000000 249999.32126627400
 .40000000000000030 1.1818353799515302 .34305263203606852E-002 .0000000000000000 249999.63222184635
 .50000000000000033 1.1196661773792271 .60389500509351922E-002 .0000000000000000 250000.15610909491
 .60000000000000031 1.0282028684615465 .64399443293681026E-002 .0000000000000000 250000.41895278572
 .70000000000000029 .92984543830870958 .54152644989963489E-002 .0000000000000000 250000.42904531900
 .80000000000000027 .84867176089987939 .37249597693133837E-002 .0000000000000000 250000.22040994669
 .90000000000000036 .80454612860331842 .12394466629864224E-002 .0000000000000000 249999.90664556724
 1.0000000000000004 .80826447444565719 -.16077352550604895E-002 .0000000000000000 249999.95973391572
 1.1000000000000003 .85891854397333700 -.38259273359033913E-002 .0000000000000000 250000.28298117535
 1.2000000000000004 .94411523563844302 -.54198063197297159E-002 .0000000000000000 250000.40508848830
 1.3000000000000003 1.0430024573212526 -.64691705036138934E-002 .0000000000000000 250000.32288500530
 1.4000000000000004 1.1313702411274358 -.58851253234499723E-002 .0000000000000000 250000.01611272700
 1.5000000000000004 1.1875765108738514 -.29587695726337715E-002 .0000000000000000 249999.50874874592
 1.6000000000000003 1.1978492120384372 .12761952493941171E-002 .0000000000000000 249999.23638642466
 1.7000000000000004 1.1596695630878604 .48588570835148403E-002 .0000000000000000 249999.45647147813
 1.8000000000000003 1.0823939302007539 .64245465825114910E-002 .0000000000000000 249999.91337322726
 1.9000000000000004 .98495380414850608 .61568216880056948E-002 .0000000000000000 250000.27803344920
 2.0000000000000004 .89120979590205018 .49988048307154764E-002 .0000000000000000 250000.36093143260
 2.1000000000000005 .82410686230372932 .30043264354625340E-002 .0000000000000000 250000.09292032669
 2.2000000000000002 .80006185012058295 -.28984801255771898E-004 .0000000000000000 249999.87969838770
 2.3000000000000003 .82495537756094528 -.30526942935637401E-002 .0000000000000000 250000.10064034889
 2.4000000000000004 .89269877317770174 -.50314519133464785E-002 .0000000000000000 250000.36407645600
 2.5000000000000004 .98671882750059448 -.61689430302864926E-002 .0000000000000000 250000.26865665248
 2.6000000000000005 1.0840038729660020 -.63946626013663584E-002 .0000000000000000 249999.89004129212
 2.7000000000000006 1.1607297820161020 -.47900702645691830E-002 .0000000000000000 249999.43575608547
 2.8000000000000003 1.1980976898328224 -.12107180925809242E-002 .0000000000000000 249999.24615683625
 2.9000000000000004 1.1869543209633382 .30023499255417705E-002 .0000000000000000 249999.54045195211
 3.0000000000000004 1.1300346198419380 .59228855161019035E-002 .0000000000000000 250000.02544975496
 3.1000000000000005 1.0412738052272281 .64695775354069512E-002 .0000000000000000 250000.32168888609
 3.2000000000000006 .94240785782249681 .53169948641718125E-002 .0000000000000000 250000.46906083968
 3.3000000000000003 .85766988179158787 .36790761301399894E-002 .0000000000000000 250000.36983438910
 3.4000000000000004 .80779560052922472 .16273744928092409E-002 .0000000000000000 249999.86617101359
 3.5000000000000004 .80492105915413359 -.98098877050209693E-003 .0000000000000000 249999.59559685935
 3.6000000000000005 .84977220332070713 -.36094133387124363E-002 .0000000000000000 250000.09379883175
 3.7000000000000006 .93152441023600929 -.60521338585780935E-002 .0000000000000000 250001.03034823190
 3.8000000000000007 1.0301016234896787 -.78597111671198146E-002 .0000000000000000 250001.71486658097
 3.9000000000000004 1.1210459559788295 -.73314375519174723E-002 .0000000000000000 250001.28123778250
 4.0000000000000009 1.1822354896413700 -.35764539401695970E-002 .0000000000000000 249999.72033948521
 4.1000000000000005 1.1993775315306738 .16217205331716408E-002 .0000000000000000 249998.53513328504
 4.2000000000000002 1.1680268389332726 .54344921794321575E-002 .0000000000000000 249998.89732536647
 4.3000000000000007 1.0943899771029548 .66074369481070230E-002 .0000000000000000 250000.19587210694
 4.4000000000000004 .99674468851839337 .58636067479308470E-002 .0000000000000000 250001.11898427649
 4.5000000000000009 .90235343173110905 .42149352835766114E-002 .0000000000000000 250001.01852637972
 4.6000000000000005 .83557162224744974 .21996589226710565E-002 .0000000000000000 250000.44298658022
 4.7000000000000002 .80578703230478810 .63155277655068591E-003 .0000000000000000 250000.30296459617
 4.8000000000000007 .80755852206447742 .80565482663164958E-005 .0000000000000000 250000.33758300671
 4.9000000000000004 .82937693880053331 -.64000991716174171E-004 .0000000000000000 250000.18761068684
 5.0000000000000009 .86078043855087527 -.24049948597170010E-007 .0000000000000000 250000.00000000003
