 -5.0000000000000000 3.8571430000000002 3207.3614257791564 .0000000000000000 3916666.0931709171
 -4.9000000000000004 3.8571636179382409 3207.3659487607574 .0000000000000000 3916682.0354163772
 -4.7999999999999998 3.8572006581292690 3207.3741721653987 .0000000000000000 3916710.6281598872
 -4.7000000000000002 3.8572559969788114 3207.3865234523773 .0000000000000000 3916753.2901696716
 -4.5999999999999996 3.8572814438932754 3207.3916976449809 .0000000000000000 3916773.3231891212
 -4.5000000000000000 3.8571080887157665 3207.3528604689095 .0000000000000000 3916639.7170979283
 -4.4000000000000004 3.8567594759714368 3207.2776082648011 .0000000000000000 3916369.0367420227
 -4.2999999999999998 3.8570594849957316 3207.3422466953061 .0000000000000000 3916602.0574744903
 -4.2000000000000002 3.8587023763507355 3207.7005365742361 .0000000000000000 3917874.2269473174
 -4.0999999999999996 3.8595008443725640 3207.8814754011510 .0000000000000000 3918489.2147673420
 -4.0000000000000000 3.8547941392936127 3206.8454039317280 .0000000000000000 3914851.0239589908
 -3.8999999999999999 3.8447019655741519 3204.6228959725531 .0000000000000000 3907041.0891793775
 -3.7999999999999998 3.8393401052498528 3203.4387078092050 .0000000000000000 3902880.6107451417
 -3.6999999999999997 3.8487991560619519 3205.4820797775187 .0000000000000000 3910198.1254387712
 -3.6000000000000001 3.8654299945926294 3209.1679187997402 .0000000000000000 3923055.7947534062
 -3.5000000000000000 3.8668272265062655 3209.5154233070639 .0000000000000000 3924172.9949611956
 -3.3999999999999999 3.8486721804989941 3205.4426619835463 .0000000000000000 3910170.0201062164
 -3.2999999999999998 3.8448155366905286 3204.6463208531723 .0000000000000000 3907022.3108559605
 -3.1999999999999997 3.8887461910816365 3214.0098451264248 .0000000000000000 3940967.3341459902
 -3.1000000000000001 3.9581317877196867 3228.1881354137158 .0000000000000000 3994989.8165994035
 -3.0000000000000000 3.9862728164745578 3234.1894376772329 .0000000000000000 4016845.5333946748
 -2.8999999999999999 3.9322556963812851 3223.3455976676642 .0000000000000000 3974915.6893567638
 -2.7999999999999998 3.8340148028670278 3202.1087812501682 .0000000000000000 3898987.1513991891
 -2.6999999999999997 3.7901923306827134 3192.4024459695675 .0000000000000000 3864769.3698810064
 -2.5999999999999996 3.8601898550624405 3207.3728787887039 .0000000000000000 3918537.9509599926
 -2.5000000000000000 3.9820818483574456 3232.4376943214315 .0000000000000000 4013375.8325460386
 -2.3999999999999999 4.0385020633268915 3243.9259714413251 .0000000000000000 4057581.4689941667
 -2.2999999999999998 3.9910482630181967 3234.8556150534127 .0000000000000000 4020612.7874005712
 -2.1999999999999997 3.8979047463964753 3215.6734367776080 .0000000000000000 3948261.4189521815
 -2.0999999999999996 3.8209070536056133 3199.0641695935560 .0000000000000000 3888661.1478331899
 -1.9999999999999998 3.7611500545665004 3185.7752676314944 .0000000000000000 3842647.4235568782
 -1.8999999999999999 3.6931736351547046 3168.9374627836391 .0000000000000000 3790654.9648815766
 -1.7999999999999998 3.6489626792560972 3157.2058527404361 .0000000000000000 3756188.2676877361
 -1.6999999999999997 3.7101799352817224 3171.6793193177532 .0000000000000000 3802074.0669076270
 -1.5999999999999999 3.8773103731865164 3209.5489706546387 .0000000000000000 3930985.6378012327
 -1.4999999999999998 4.0271202811986875 3241.2254008266250 .0000000000000000 4048349.5016285274
 -1.3999999999999999 4.0568555474570900 3247.4086181858956 .0000000000000000 4072614.7460374115
 -1.2999999999999998 3.9905572763747501 3234.5902090278569 .0000000000000000 4021156.8983680229
 -1.1999999999999997 3.9086730235597607 3218.2022083826719 .0000000000000000 3956758.4006396523
 -1.0999999999999999 3.8462352556810910 3205.0189881136434 .0000000000000000 3907518.4442736516
 -.99999999999999978 3.7820768023576794 3189.5545062466376 .0000000000000000 3858490.2776976200
 -.89999999999999980 3.6969641912108919 3167.4700083642128 .0000000000000000 3794632.0804109960
 -.79999999999999982 3.6378710330457644 3154.3066734658109 .0000000000000000 3748343.5236292607
 -.69999999999999973 3.6905018313906215 3170.1723225757132 .0000000000000000 3785677.6389187942
 -.59999999999999976 3.8540380543685866 3205.2118542504554 .0000000000000000 3912835.4595157378
 -.49999999999999978 4.0121622308242326 3233.7608797266762 .0000000000000000 4039337.0156074185
 -.39999999999999974 4.0669343604134367 3247.9466552812200 .0000000000000000 4080293.2746759951
 -.29999999999999971 4.0216324897083693 3246.6275982468178 .0000000000000000 4039979.1234419136
 -.19999999999999973 3.9266565946471532 3223.8911970752729 .0000000000000000 3968890.4087976352
 -.99999999999999728E-001 3.8270770752411454 3190.6134671618411 .0000000000000000 3900715.5047182613
 .27755575615628914E-015 3.7503588559391337 3171.5657215744609 .0000000000000000 3842663.3639453813
 .10000000000000028 3.6984950147320541 3173.0909295291558 .0000000000000000 3793224.3933131690
 .20000000000000029 3.6743895672646683 3180.5538122952394 .0000000000000000 3766215.1416350389
 .30000000000000027 3.6959981922305909 3171.9456953651793 .0000000000000000 3789597.7178803193
 .40000000000000030 3.7440919898700922 3125.0366268228540 .0000000000000000 3864390.9100289042
 .50000000000000033 3.7660838954519993 3049.6785844045598 .0000000000000000 3941728.5967133972
 .60000000000000031 3.7741747010641031 3010.9834540704696 .0000000000000000 3976080.0904174605
 .70000000000000029 3.8395766453377607 3075.2124853017358 .0000000000000000 3985016.8684318434
 .80000000000000027 3.9398423301017114 3204.7534721893485 .0000000000000000 3989019.9439740614
 .90000000000000036 3.9347616562258860 3260.7818487585905 .0000000000000000 3944393.7424231321
 1.0000000000000004 3.7880567551834603 3200.1202769387473 .0000000000000000 3848819.2537840763
 1.1000000000000003 3.6644678469534822 3153.1912396908933 .0000000000000000 3783137.3819826143
 1.2000000000000004 3.6749766497570211 3187.8584813921757 .0000000000000000 3774496.7036672956
 1.3000000000000003 3.7272413792121064 3206.7171609034117 .0000000000000000 3807658.9143432835
 1.4000000000000004 3.7640460321803442 3162.2164908328850 .0000000000000000 3874586.5118250865
 1.5000000000000004 3.9071275853130336 3178.1645302453267 .0000000000000000 3959199.6206199913
 1.6000000000000003 4.1431010494565061 3317.2816367183314 .0000000000000000 4084866.5213822960
 1.7000000000000004 4.1233425036968478 3312.4784316987189 .0000000000000000 4113923.7011289932
 1.8000000000000003 3.8200862568980796 3077.0863712107312 .0000000000000000 3923310.0527265295
 1.9000000000000004 3.8312512043192970 3143.5985716010923 .0000000000000000 3892601.6044358467
 2.0000000000000004 4.0220371782027060 3389.2133696530032 .0000000000000000 3931175.9035065183
 2.1000000000000005 3.2974830097575651 2685.5248489808932 .0000000000000000 3030549.4314122344
 2.2000000000000002 1.8099722872411919 1159.0841441524205 .0000000000000000 1355325.4962187062
 2.3000000000000003 .95609898094921075 211.59714782444792 .0000000000000000 361943.76123057265
 2.4000000000000004 .95109603705959456 64.746256244733971 .0000000000000000 272726.93261120247
 2.5000000000000004 1.0352820465286630 34.592886203829863 .0000000000000000 283017.79980327911
 2.6000000000000005 1.0635121344853338 -12.295189698182227 .0000000000000000 235012.93754933035
 2.7000000000000006 1.1573072209406543 -.91377555667462151 .0000000000000000 249341.85885479607
 2.8000000000000003 1.2062501829448022 3.5630285640570571 .0000000000000000 254273.57316440536
 2.9000000000000004 1.1830830037606299 -1.8785620593420405 .0000000000000000 247565.00545163118
 3.0000000000000004 1.1296636337348784 .11780153907084179 .0000000000000000 250430.33568222888
 3.1000000000000005 1.0426727750798237 .50468285572890059 .0000000000000000 250379.61784394650
 3.2000000000000006 .94165137162443047 -.33122716138750713 .0000000000000000 249666.75103256418
 3.3000000000000003 .85776313898463175 .60143277075204782E-001 .0000000000000000 250090.32488431767
 3.4000000000000004 .80802952188645705 .70583076596495931E-001 .0000000000000000 250041.72439785468
 3.5000000000000004 .80487628955945922 -.57993443323530486E-001 .0000000000000000 249955.59612763510
 3.6000000000000005 .85005856253348555 .10949991209650524E-001 .0000000000000000 250009.38558896488
 3.7000000000000006 .93164078553038487 .45324466384461925E-002 .0000000000000000 250008.11642892269
 3.8000000000000007 1.0296830065193472 -.11196019481901982E-001 .0000000000000000 249992.57591531207
 3.9000000000000004 1.1206752458372868 -.45032915803803938E-003 .0000000000000000 250000.00665916267
 4.0000000000000009 1.1826320714057286 -.12796519186179102E-002 .0000000000000000 249999.43296295474
 4.1000000000000005 1.2000575228437769 -.27484774387614690E-002 .0000000000000000 249996.77351654286
 4.2000000000000002 1.1676445514790674 .47334590118491067E-003 .0000000000000000 249999.19356833005
 4.3000000000000007 1.0930857774693687 .33093581959142376E-002 .0000000000000000 250000.55914056941
 4.4000000000000004 .99652130678633333 .48680428233380700E-002 .0000000000000000 250001.32214330076
 4.5000000000000009 .90410214541787592 .49129196682810416E-002 .0000000000000000 250001.78327250900
 4.6000000000000005 .83758073705382174 .32428012752460287E-002 .0000000000000000 250001.24481880959
 4.7000000000000002 .80626464910603124 .12778715702012877E-002 .0000000000000000 250000.63976971613
 4.8000000000000007 .80667359792174420 .17719273600701993E-003 .0000000000000000 250000.25667794750
 4.9000000000000004 .82837980584632132 -.12978122467094508E-003 .0000000000000000 250000.00624785683
 5.0000000000000009 .86078043855087527 -.38121358840176602E-007 .0000000000000000 250000.00000000003
