 -5.0000000000000000 3.8571430000000002 3207.1354121204345 .0000000000000000 3916666.0931709171
 -4.9500000000000002 3.8569997762726871 3207.1022433839589 .0000000000000000 3916558.3021607283
 -4.9000000000000004 3.8568052584417032 3207.0476481001601 .0000000000000000 3916410.6784935454
 -4.8499999999999996 3.8566068333854355 3206.9792647861013 .0000000000000000 3916251.5904801157
 -4.7999999999999998 3.8567029679561058 3207.0052992921355 .0000000000000000 3916300.1135209263
 -4.7500000000000000 3.8576613867616980 3207.3465497139609 .0000000000000000 3917027.1734376424
 -4.7000000000000002 3.8591055698033432 3207.7964778230380 .0000000000000000 3918198.5587674617
 -4.6500000000000004 3.8590080349110703 3207.5161823584899 .0000000000000000 3918186.4502546177
 -4.5999999999999996 3.8567167360831793 3206.5320086580396 .0000000000000000 3916360.9436824727
 -4.5499999999999998 3.8555702660709743 3206.5157442866048 .0000000000000000 3915366.9616685510
 -4.5000000000000000 3.8584535818649655 3208.1693927813494 .0000000000000000 3917617.9899508101
 -4.4500000000000002 3.8613453639702033 3208.9359255312543 .0000000000000000 3919959.5035044067
 -4.4000000000000004 3.8576664045112659 3206.5260066012470 .0000000000000000 3917114.1181864790
 -4.3499999999999996 3.8505821563486182 3203.9886093889859 .0000000000000000 3911583.1070100404
 -4.2999999999999998 3.8521778078078546 3206.2954816023225 .0000000000000000 3912873.4459283357
 -4.2500000000000000 3.8642829082623806 3211.2393381929637 .0000000000000000 3922257.5678071431
 -4.2000000000000002 3.8696906898556880 3210.5697359103256 .0000000000000000 3926245.7854671031
 -4.1500000000000004 3.8552205188400830 3203.4448790528186 .0000000000000000 3914953.6283386918
 -4.0999999999999996 3.8370930476036063 3200.5564352995843 .0000000000000000 3901292.0721216938
 -4.0499999999999998 3.8445890298871079 3208.0906476028131 .0000000000000000 3907355.3261019769
 -4.0000000000000000 3.8766447999340752 3215.8170863763416 .0000000000000000 3931418.7762108720
 -3.9499999999999997 3.8937760208583008 3211.5142359131050 .0000000000000000 3944095.3978950037
 -3.8999999999999999 3.8654072165665205 3200.8090053847400 .0000000000000000 3924025.8371476457
 -3.8500000000000001 3.8148437448201875 3198.9566952747014 .0000000000000000 3886573.3859618846
 -3.7999999999999998 3.8001666208357667 3206.3386314690770 .0000000000000000 3871286.3661162429
 -3.7500000000000000 3.8503784793798190 3209.8013388389500 .0000000000000000 3905389.8538221247
 -3.6999999999999997 3.9366108062218195 3209.5194630141259 .0000000000000000 3977649.5310895215
 -3.6499999999999999 4.0082755647266222 3223.4946645062173 .0000000000000000 4044307.0892940233
 -3.6000000000000001 4.0296720543069036 3252.9953094947850 .0000000000000000 4057959.4745952142
 -3.5499999999999998 3.9700072239198287 3258.0137652956014 .0000000000000000 3990968.4034782257
 -3.5000000000000000 3.8121187282187563 3199.7293976984761 .0000000000000000 3859009.4638886051
 -3.4499999999999997 3.6228383245290900 3117.2114583195976 .0000000000000000 3739905.8761305534
 -3.3999999999999999 3.5523691253500420 3106.6356740280712 .0000000000000000 3718893.2425634987
 -3.3500000000000001 3.6695305688052300 3184.3825160237857 .0000000000000000 3789454.3205982312
 -3.2999999999999998 3.8503653778446809 3247.0084608448651 .0000000000000000 3872107.7412087861
 -3.2500000000000000 3.9370582170568831 3226.0338113228336 .0000000000000000 3935768.9935004455
 -3.1999999999999997 3.9446790150115429 3188.5673272421195 .0000000000000000 4010983.2494894047
 -3.1499999999999999 3.9912575815229103 3215.5545303459253 .0000000000000000 4087277.4411665541
 -3.1000000000000001 4.0891483438465075 3275.3083294448688 .0000000000000000 4104528.8224028638
 -3.0499999999999998 4.1364888690317088 3290.4182125030670 .0000000000000000 4060245.3213393893
 -3.0000000000000000 4.0788470945514455 3254.3056126548436 .0000000000000000 4028892.3163973759
 -2.9499999999999997 3.9716219422593300 3214.2049347409011 .0000000000000000 4044724.0036004814
 -2.8999999999999999 3.8941041253956561 3191.3592242597570 .0000000000000000 4043839.8416363043
 -2.8500000000000001 3.8752528663734687 3179.9695077937045 .0000000000000000 3969050.2207388529
 -2.7999999999999998 3.9004446412054632 3193.8186094548200 .0000000000000000 3875462.7431075964
 -2.7500000000000000 3.9339100844582897 3251.4098305618190 .0000000000000000 3865789.6329359435
 -2.6999999999999997 3.9224098088953103 3315.2136688010096 .0000000000000000 3941001.7046587607
 -2.6499999999999999 3.8170320438455860 3293.9133310258972 .0000000000000000 3970634.7680138489
 -2.5999999999999996 3.6243559450854939 3137.7429025024680 .0000000000000000 3833012.3382617580
 -2.5499999999999998 3.4386837585994083 2935.0381405478574 .0000000000000000 3591031.4755912046
 -2.5000000000000000 3.4030388406230743 2884.6664823204387 .0000000000000000 3491908.7401278066
 -2.4499999999999997 3.5928765874058510 3105.0091307559128 .0000000000000000 3702169.8733206284
 -2.3999999999999999 3.9042582101290542 3444.1563775481072 .0000000000000000 4042796.8783115330
 -2.3499999999999996 4.0973915803491403 3571.2048631271855 .0000000000000000 4133722.2948350809
 -2.2999999999999998 4.0249424265091749 3344.5150270672402 .0000000000000000 3871150.0296633197
 -2.2500000000000000 3.8060472189690979 3016.1092170335260 .0000000000000000 3614907.5057998425
 -2.1999999999999997 3.6944385878337878 2944.1731170345529 .0000000000000000 3758205.9139769925
 -2.1499999999999999 3.7756280525895476 3140.5153296270400 .0000000000000000 4176077.7851236272
 -2.0999999999999996 3.9003178517135364 3273.6953965524940 .0000000000000000 4326258.7211791854
 -2.0499999999999998 3.9516859782067169 3166.8019171741385 .0000000000000000 4001083.0907557998
 -1.9999999999999998 4.0353877086924035 3081.7018815113347 .0000000000000000 3675535.8194483398
 -1.9499999999999997 4.2725962850924999 3324.0294169081208 .0000000000000000 3854738.7719671386
 -1.8999999999999999 4.5062526067853703 3728.2143259367003 .0000000000000000 4370510.1142028021
 -1.8499999999999999 4.4053143576976126 3788.4517478121188 .0000000000000000 4573721.6805092022
 -1.7999999999999998 3.8754383280472906 3271.5225187459100 .0000000000000000 4086905.7337439843
 -1.7499999999999998 3.2585337446950708 2560.3006554711674 .0000000000000000 3289312.7527289060
 -1.6999999999999997 3.0599510555281388 2340.2475522157474 .0000000000000000 3007577.2186900014
 -1.6499999999999999 3.4452728091099503 2885.0861605848281 .0000000000000000 3592586.9555506627
 -1.5999999999999999 4.0217663833452839 3670.7362819282134 .0000000000000000 4407333.2390445089
 -1.5499999999999998 4.2044744989456815 3877.4603525721554 .0000000000000000 4497133.0977814384
 -1.4999999999999998 3.8129957233516616 3284.1106343410820 .0000000000000000 3692379.6970338677
 -1.4499999999999997 3.2400100817775628 2486.4446256071628 .0000000000000000 2773776.7556049563
 -1.3999999999999999 3.0569403171591318 2295.3049026499102 .0000000000000000 2699011.7946994011
 -1.3499999999999999 3.4540354556537114 2958.1939626613325 .0000000000000000 3728338.2361300020
 -1.2999999999999998 3.9609167483171426 3738.7407502645060 .0000000000000000 4869637.7885163706
 -1.2499999999999998 3.8427566087495864 3520.6391546633072 .0000000000000000 4598906.8564961338
 -1.1999999999999997 2.9575120338711556 2198.6757915805333 .0000000000000000 2821440.9328156020
 -1.1499999999999997 1.9402256536874354 833.35640455243572 .0000000000000000 1082628.1742027779
 -1.0999999999999999 1.3712792693547950 179.41755047061895 .0000000000000000 371384.70165005885
 -1.0499999999999998 1.2174674695319143 31.443918206573951 .0000000000000000 274666.36913204950
 -.99999999999999978 1.2002396976200875 4.6905554148351118 .0000000000000000 256280.62483672966
 -.94999999999999973 1.1978623653675435 -2.9450663624838711 .0000000000000000 245200.36353161355
 -.89999999999999980 1.1947439091450691 -.40822713082957374E-001 .0000000000000000 250539.68454903402
 -.84999999999999976 1.1795706778527955 .36102279030961337 .0000000000000000 250478.84620068717
 -.79999999999999982 1.1511696176722821 -.21391529666895992 .0000000000000000 249631.77109147003
 -.74999999999999978 1.1142717121605752 .68838141949634002E-001 .0000000000000000 250160.62622354997
 -.69999999999999973 1.0702537867778712 .29537463711645277E-001 .0000000000000000 249990.07646102729
 -.64999999999999980 1.0216003313783963 -.33113474535680761E-001 .0000000000000000 249971.33440085599
 -.59999999999999976 .97176983825028340 .11520461666122632E-001 .0000000000000000 250020.29850302925
 -.54999999999999971 .92368249417223536 .24253230831315399E-002 .0000000000000000 249993.62711810961
 -.49999999999999978 .88030093716795288 -.41799556987554779E-002 .0000000000000000 249999.60245498404
 -.44999999999999973 .84438551420798302 .20318944264357077E-002 .0000000000000000 250001.67891258994
 -.39999999999999974 .81814350352780463 .98841623684159179E-004 .0000000000000000 249999.20882479727
 -.34999999999999976 .80320471407479888 -.39583897676890385E-003 .0000000000000000 250000.28316227431
 -.29999999999999971 .80050406136150387 .24605396312837538E-003 .0000000000000000 250000.12803611849
 -.24999999999999972 .81020519176188344 -.15153396480797434E-003 .0000000000000000 250000.01664621683
 -.19999999999999973 .83170647052470015 -.15363310143598981E-003 .0000000000000000 250000.10450760415
 -.14999999999999974 .86367293613329221 -.10240231259157928E-003 .0000000000000000 250000.05286910399
 -.99999999999999728E-001 .90411603914251348 -.16472261052902795E-003 .0000000000000000 250000.04702110539
 -.49999999999999725E-001 .95052009207643984 -.16290853089877288E-003 .0000000000000000 250000.04533905032
 .27755575615628914E-015 .99999966532858631 -.13543239801034265E-003 .0000000000000000 250000.02714291244
 .50000000000000280E-001 1.0494791658248681 -.89268373606168219E-004 .0000000000000000 249999.99717468870
 .10000000000000028 1.0958830556558983 -.36853148779990004E-004 .0000000000000000 249999.96370775325
 .15000000000000030 1.1363261092067778 .42274357176656724E-005 .0000000000000000 249999.93713981754
 .20000000000000029 1.1682931695415515 .30526934468139782E-004 .0000000000000000 249999.91291008377
 .25000000000000028 1.1897962732319911 .31945484596465671E-004 .0000000000000000 249999.88951656668
 .30000000000000027 1.1994984611766843 .79522131958455019E-005 .0000000000000000 249999.87545799441
 .35000000000000031 1.1967966216578911 -.22706085741802786E-004 .0000000000000000 249999.87874599532
 .40000000000000030 1.1818587035499750 -.36235702046919508E-004 .0000000000000000 249999.89729130652
 .45000000000000029 1.1556133562962216 -.22102147048374809E-004 .0000000000000000 249999.92170111174
 .50000000000000033 1.1196925424477349 .12716918539166294E-004 .0000000000000000 249999.94723340843
 .55000000000000027 1.0763301980285636 .58506389784979892E-004 .0000000000000000 249999.97758873273
 .60000000000000031 1.0282228519124905 .11053049707738583E-003 .0000000000000000 250000.01227991204
 .65000000000000036 .97836125437632571 .15371069009435096E-003 .0000000000000000 250000.03792665270
 .70000000000000029 .92984453631004216 .16363813461020362E-003 .0000000000000000 250000.04639367695
 .75000000000000033 .88568873143927596 .14321332640691706E-003 .0000000000000000 250000.05146974509
 .80000000000000027 .84864008642386646 .12558802449195937E-003 .0000000000000000 250000.06599753952
 .85000000000000031 .82100329517880655 .11527136261874460E-003 .0000000000000000 250000.07967224123
 .90000000000000036 .80449647199868290 .72345614657916130E-004 .0000000000000000 250000.08161607012
 .95000000000000029 .80014447623340113 -.13812036246636280E-004 .0000000000000000 250000.08006455906
 1.0000000000000004 .80821723781481458 -.90773154917146771E-004 .0000000000000000 250000.08149818107
 1.0500000000000003 .82821393431818180 -.11940274150558831E-003 .0000000000000000 250000.07618100598
 1.1000000000000003 .85889254332309795 -.12710114125260975E-003 .0000000000000000 250000.06033569618
 1.1500000000000004 .89834531294115871 -.14745910095968778E-003 .0000000000000000 250000.04793504570
 1.2000000000000004 .94411794791236248 -.16241120882444173E-003 .0000000000000000 250000.04352846791
 1.2500000000000004 .99336403593355249 -.14199337118481320E-003 .0000000000000000 250000.03060250109
 1.3000000000000003 1.0430225018857855 -.94039897945512188E-004 .0000000000000000 250000.00122784689
 1.3500000000000003 1.0900067547414702 -.43892222588304368E-004 .0000000000000000 249999.96824228228
 1.4000000000000004 1.1313955974649754 -.24187070206983845E-005 .0000000000000000 249999.94158188868
 1.4500000000000004 1.1646150836703215 .25786304220591268E-004 .0000000000000000 249999.91757690554
 1.5000000000000004 1.1875993181595608 .31093933215522913E-004 .0000000000000000 249999.89364005756
 1.5500000000000003 1.1989192154302277 .11202033959662523E-004 .0000000000000000 249999.87736962180
 1.6000000000000003 1.1978710949034861 -.18310259866120721E-004 .0000000000000000 249999.87794594740
 1.6500000000000004 1.1845201095948483 -.33943324244813260E-004 .0000000000000000 249999.89488267238
 1.7000000000000004 1.1596962254315535 -.23250046096602930E-004 .0000000000000000 249999.91902208410
 1.7500000000000004 1.1249429666493291 .84338376782438380E-005 .0000000000000000 249999.94414568206
 1.8000000000000003 1.0824216498382349 .51614841388938127E-004 .0000000000000000 249999.97328421249
 1.8500000000000003 1.0347765916791427 .10266848773262656E-003 .0000000000000000 250000.00776220384
 1.9000000000000004 .98496992400594519 .14854331218499615E-003 .0000000000000000 250000.03522392109
 1.9500000000000004 .93609735821965689 .16268280138870741E-003 .0000000000000000 250000.04501692572
 2.0000000000000004 .89119687275485049 .14267207525696184E-003 .0000000000000000 250000.04924636707
 2.0500000000000003 .85306087987547818 .12288097935744750E-003 .0000000000000000 250000.06327630702
 2.1000000000000005 .82406180582351263 .11545206497134341E-003 .0000000000000000 250000.07849165049
 2.1500000000000004 .80600270687429887 .80694746640741269E-004 .0000000000000000 250000.08173031514
 2.2000000000000002 .80000497012304317 -.16516526122190279E-005 .0000000000000000 250000.07986293416
 2.2500000000000004 .80644061334925943 -.82760384223807922E-004 .0000000000000000 250000.08157813875
 2.3000000000000003 .82491046124004386 -.11533453546189634E-003 .0000000000000000 250000.07801556165
 2.3500000000000005 .85426756854919284 -.12191894680594125E-003 .0000000000000000 250000.06262377714
 2.4000000000000004 .89268654246740242 -.14207789315799456E-003 .0000000000000000 250000.04884386543
 2.4500000000000006 .93777733140341901 -.16205370200853719E-003 .0000000000000000 250000.04467869733
 2.5000000000000004 .98673573305257889 -.14720065429034646E-003 .0000000000000000 250000.03423603094
 2.5500000000000003 1.0365184812180965 -.10085580142967632E-003 .0000000000000000 250000.00621855166
 2.6000000000000005 1.0840313505998964 -.49846062005382067E-004 .0000000000000000 249999.97212897582
 2.6500000000000004 1.1263203933039050 -.69799070631114312E-005 .0000000000000000 249999.94376964308
 2.7000000000000006 1.1607557129097126 .23929503105900660E-004 .0000000000000000 249999.91889190319
 2.7500000000000004 1.1851957689301129 .33334980565154081E-004 .0000000000000000 249999.89452186399
 2.8000000000000003 1.1981209190918429 .16665489465437660E-004 .0000000000000000 249999.87752975637
 2.8500000000000005 1.1987276772506756 -.12783772858304164E-004 .0000000000000000 249999.87731675024
 2.9000000000000004 1.1869783229220661 -.31575362003985112E-004 .0000000000000000 249999.89404970445
 2.9500000000000006 1.1636032379881454 -.25033540667071910E-004 .0000000000000000 249999.91823038599
 3.0000000000000004 1.1300558255675008 .37592517012637565E-005 .0000000000000000 249999.94233651392
 3.0500000000000003 1.0884223780823605 .45285924369521286E-004 .0000000000000000 249999.96917617987
 3.1000000000000005 1.0412920334366165 .95383899793725332E-004 .0000000000000000 250000.00223948131
 3.1500000000000004 .99159505631798717 .14282557896399490E-003 .0000000000000000 250000.03116569202
 3.2000000000000006 .94242043411958043 .16184081852667898E-003 .0000000000000000 250000.04342597121
 3.2500000000000004 .89682478467614446 .14563118082156442E-003 .0000000000000000 250000.04784356183
 3.3000000000000003 .85764350561141001 .12529564656219065E-003 .0000000000000000 250000.06083932318
 3.3500000000000005 .82731409515297039 .11770731910337972E-003 .0000000000000000 250000.07699357145
 3.4000000000000004 .80772267396976027 .87526489532933804E-004 .0000000000000000 250000.08252775899
 3.4500000000000006 .80008587715453250 .83327867274578847E-005 .0000000000000000 250000.08217602776
 3.5000000000000004 .80487716891806005 -.78821336490796676E-004 .0000000000000000 250000.08581769769
 3.5500000000000003 .82179966378491442 -.12250118007267087E-003 .0000000000000000 250000.08649911376
 3.6000000000000005 .84980329314586156 -.13561929659270110E-003 .0000000000000000 250000.07576744346
 3.6500000000000004 .88714653211343042 -.15719389059241353E-003 .0000000000000000 250000.06416789553
 3.7000000000000006 .93150493332247220 -.17922835323928507E-003 .0000000000000000 250000.06070223523
 3.7500000000000004 .98012056821593985 -.16598477861385946E-003 .0000000000000000 250000.04977910744
 3.8000000000000007 1.0299743194438671 -.11089920559107656E-003 .0000000000000000 250000.01267964457
 3.8500000000000005 1.0779663306849379 -.31237875643765890E-004 .0000000000000000 249999.95231441729
 3.9000000000000004 1.1211065752647804 .54883688787322063E-004 .0000000000000000 249999.88746662409
 3.9500000000000006 1.1567132123429118 .10549378772388847E-003 .0000000000000000 249999.84977797585
 4.0000000000000009 1.1825850801822297 .47083552939852782E-004 .0000000000000000 249999.88694285307
 4.0500000000000007 1.1971158156015620 -.15354851535177074E-003 .0000000000000000 250000.02766594381
 4.1000000000000005 1.1993769054423471 -.40861107162343344E-003 .0000000000000000 250000.21847785084
 4.1500000000000004 1.1892143106492254 -.54016366708135302E-003 .0000000000000000 250000.32680119583
 4.2000000000000002 1.1673031480107710 -.42985066999423946E-003 .0000000000000000 250000.25943416826
 4.2500000000000009 1.1350485259461141 -.14994213340936133E-003 .0000000000000000 250000.07733130385
 4.3000000000000007 1.0943916244501699 .84437022941045702E-004 .0000000000000000 249999.94703822440
 4.3500000000000005 1.0477507913586959 .13126512257621907E-003 .0000000000000000 249999.97046592430
 4.4000000000000004 .99809416488855351 .61585489969198895E-004 .0000000000000000 250000.08902031727
 4.4500000000000002 .94874833128658764 .34202443145560580E-004 .0000000000000000 250000.16147447290
 4.5000000000000009 .90278722513633125 .93575974198478829E-004 .0000000000000000 250000.13141386979
 4.5500000000000007 .86263664723414935 .17504930341929805E-003 .0000000000000000 250000.07979371029
 4.6000000000000005 .83051978112645808 .21632113994532958E-003 .0000000000000000 250000.07956978161
 4.6500000000000004 .80903923300563951 .16897360838879306E-003 .0000000000000000 250000.09306014294
 4.7000000000000002 .80043539875553205 .25591989177859529E-004 .0000000000000000 250000.08049478533
 4.7500000000000009 .80469055545412105 -.10425115745816455E-003 .0000000000000000 250000.07687660694
 4.8000000000000007 .81881252304160546 -.10755428050366956E-003 .0000000000000000 250000.07892760835
 4.8500000000000005 .83868352630550536 -.36050246443390619E-004 .0000000000000000 250000.03886421496
 4.9000000000000004 .86143693298923474 .93771824967375622E-005 .0000000000000000 249999.99021771981
 4.9500000000000002 .88577352699635481 .15100196139247548E-004 .0000000000000000 249999.97861886851
 5.0000000000000009 .91078086403777636 .11981184031755733E-009 .0000000000000000 250000.00000000003
