 -5.0000000000000000 3.8571430000000002 3207.3635466654641 .0000000000000000 3916666.0931709171
 -4.9000000000000004 3.8563123406699211 3207.1846859816246 .0000000000000000 3916023.6188931121
 -4.7999999999999998 3.8546371122731662 3206.8134672849806 .0000000000000000 3914727.1965101166
 -4.7000000000000002 3.8512168551046373 3206.0664310141055 .0000000000000000 3912087.0351926801
 -4.5999999999999996 3.8453702566385579 3204.8010856045530 .0000000000000000 3907557.4588003047
 -4.5000000000000000 3.8412208456539680 3203.8099068998986 .0000000000000000 3904334.7404691856
 -4.4000000000000004 3.8489336268983467 3205.4311194285901 .0000000000000000 3910327.4839006993
 -4.2999999999999998 3.8684619449183582 3210.0714206167672 .0000000000000000 3925320.4854322732
 -4.2000000000000002 3.8740218287941537 3211.2750263954958 .0000000000000000 3929582.7638793690
 -4.0999999999999996 3.8492421660877469 3205.0052537258834 .0000000000000000 3910853.1961667188
 -4.0000000000000000 3.8356090433299141 3202.3615933993242 .0000000000000000 3900222.5356878238
 -3.8999999999999999 3.8879883340483192 3214.4890935168382 .0000000000000000 3939774.2742729937
 -3.7999999999999998 3.9776939445747548 3232.0107195894648 .0000000000000000 4009550.7718935083
 -3.6999999999999997 4.0033291562244431 3235.6783257655525 .0000000000000000 4031510.8795848084
 -3.6000000000000001 3.9118908965846035 3218.0888185374388 .0000000000000000 3960555.4364197971
 -3.5000000000000000 3.7799704503463798 3193.9160678781964 .0000000000000000 3854756.6893345900
 -3.3999999999999999 3.7509445106476980 3186.0781316462717 .0000000000000000 3831921.8585591638
 -3.2999999999999998 3.8739555002043562 3201.7766438363251 .0000000000000000 3931459.9431239888
 -3.1999999999999997 4.0392562918221531 3237.1258698427732 .0000000000000000 4059374.0903739361
 -3.1000000000000001 4.0932900645067800 3267.2010635838524 .0000000000000000 4095432.8768561855
 -3.0000000000000000 3.9808163963665164 3239.1499980608696 .0000000000000000 4007943.9108962924
 -2.8999999999999999 3.7966423745471118 3166.4186100832885 .0000000000000000 3882325.0560071799
 -2.7999999999999998 3.7057679226655815 3154.7304831163510 .0000000000000000 3820963.0154671897
 -2.6999999999999997 3.7443410858262518 3224.4946653254160 .0000000000000000 3806786.8603708651
 -2.5999999999999996 3.7382831484127950 3229.2993165315406 .0000000000000000 3782857.0724500306
 -2.5000000000000000 3.5567337392529739 3052.3713847780609 .0000000000000000 3742455.5912203491
 -2.3999999999999999 3.4432406203585848 2880.6293938492199 .0000000000000000 3734042.1666033529
 -2.2999999999999998 3.7135898810357610 3024.7379341839678 .0000000000000000 3893898.5669499645
 -2.1999999999999997 4.0247876702026293 3238.0446960447498 .0000000000000000 4075008.6583980676
 -2.0999999999999996 3.9206507204810550 3115.6890022075963 .0000000000000000 3986250.3731441475
 -1.9999999999999998 3.8924279773617689 3132.8020692903419 .0000000000000000 3989324.3926228555
 -1.8999999999999999 4.0951874507879227 3378.2228755436799 .0000000000000000 4020788.5605624435
 -1.7999999999999998 3.4092727613563802 2670.9939401713009 .0000000000000000 2974218.9474026016
 -1.6999999999999997 1.8244103618287357 1081.9267633549871 .0000000000000000 1189106.6369982839
 -1.5999999999999999 .87727851688950553 150.60224819643207 .0000000000000000 292960.58069169143
 -1.4999999999999998 .86086804563455188 59.952844665027115 .0000000000000000 286322.74505645857
 -1.3999999999999999 .92196860708404371 34.838112458946711 .0000000000000000 280376.81496873515
 -1.2999999999999998 .93197854544846903 -14.970710551542778 .0000000000000000 231057.00485110431
 -1.1999999999999997 1.0531960894608514 .58504064907851783 .0000000000000000 252150.65275616871
 -1.0999999999999999 1.1506253414576180 3.5417894894539574 .0000000000000000 253753.27188999570
 -.99999999999999978 1.1868220513356769 -2.2566242737608286 .0000000000000000 247303.94772588735
 -.89999999999999980 1.1954032698925230 .32016239648430356 .0000000000000000 250639.88569646663
 -.79999999999999982 1.1530054466248421 .50403085523062408 .0000000000000000 250341.57709290707
 -.69999999999999973 1.0691154582428035 -.37895692436537431 .0000000000000000 249644.15326450727
 -.59999999999999976 .97185366438436682 .80805451370932910E-001 .0000000000000000 250102.23096027019
 -.49999999999999978 .88058908640109246 .74847603135702850E-001 .0000000000000000 250043.71889333875
 -.39999999999999974 .81801925760045802 -.57709261321737891E-001 .0000000000000000 249953.29411220664
 -.29999999999999971 .80060124146016043 .13518935622791387E-001 .0000000000000000 250010.80478259240
 -.19999999999999973 .83179235962487430 .47564748367155867E-002 .0000000000000000 250009.64987803760
 -.99999999999999728E-001 .90410128507067111 -.13738905414934293E-001 .0000000000000000 249994.59074033168
 .27755575615628914E-015 .99998774257686085 -.40111410850690535E-002 .0000000000000000 250002.28396727284
 .10000000000000028 1.0958542821988890 -.35808618968008075E-002 .0000000000000000 250001.51399699054
 .20000000000000029 1.1682542444697221 -.36301732633172586E-002 .0000000000000000 249996.83176427599
 .30000000000000027 1.1994654370074977 -.37713420454511137E-003 .0000000000000000 249996.67634676103
 .40000000000000030 1.1818241536758081 .19794565049127996E-002 .0000000000000000 249997.54975099003
 .50000000000000033 1.1196595250076422 .40339353277021785E-002 .0000000000000000 249999.46556396512
 .60000000000000031 1.0282023764829342 .56843101144890681E-002 .0000000000000000 250001.28441173627
 .70000000000000029 .92984959399865841 .58218883404967201E-002 .0000000000000000 250001.67288484040
 .80000000000000027 .84868005917791256 .43741276466855578E-002 .0000000000000000 250001.18775631348
 .90000000000000036 .80455715938875938 .14978557911070256E-002 .0000000000000000 250000.62366196889
 1.0000000000000004 .80827506508033820 -.19495615576162087E-002 .0000000000000000 250000.68425065998
 1.1000000000000003 .85892604214213319 -.45064334452944131E-002 .0000000000000000 250001.29922662934
 1.2000000000000004 .94411885261157413 -.56499512378200348E-002 .0000000000000000 250001.66930409553
 1.3000000000000003 1.0430015484555206 -.54497846719414956E-002 .0000000000000000 250001.08356703751
 1.4000000000000004 1.1313633849675961 -.38910109098491837E-002 .0000000000000000 249999.20695793693
 1.5000000000000004 1.1875643382513215 -.15313000777000660E-002 .0000000000000000 249997.01749596131
 1.6000000000000003 1.1978362623279040 .83821285628527887E-003 .0000000000000000 249996.48028751090
 1.7000000000000004 1.1596607498487599 .30047516878041556E-002 .0000000000000000 249998.10206343894
 1.8000000000000003 1.0823905136798992 .48130084366370847E-002 .0000000000000000 250000.25849697072
 1.9000000000000004 .98495477975345214 .57943862240558931E-002 .0000000000000000 250001.38561927064
 2.0000000000000004 .89121520343541816 .54968161354741829E-002 .0000000000000000 250001.38397922079
 2.1000000000000005 .82411702600309067 .34865818723629426E-002 .0000000000000000 250000.87315959571
 2.2000000000000002 .80007431729248768 -.35915561543405191E-004 .0000000000000000 250000.57692746652
 2.3000000000000003 .82496543434135117 -.35405484626715206E-002 .0000000000000000 250000.88249753899
 2.4000000000000004 .89270384842469230 -.55109331812854025E-002 .0000000000000000 250001.38037782378
 2.5000000000000004 .98671992164942846 -.57704210506934056E-002 .0000000000000000 250001.35712315826
 2.6000000000000005 1.0840008738647218 -.47755792737254497E-002 .0000000000000000 250000.21801123899
 2.7000000000000006 1.1607201450169884 -.29819230763523177E-002 .0000000000000000 249998.07929048620
 2.8000000000000003 1.1980839053257113 -.81337219727117122E-003 .0000000000000000 249996.48646075197
 2.9000000000000004 1.1869442909582539 .15874294063816608E-002 .0000000000000000 249997.03812026724
 3.0000000000000004 1.1300289894458846 .39197524281621814E-002 .0000000000000000 249999.25885342926
 3.1000000000000005 1.0412681584283414 .53763950998853074E-002 .0000000000000000 250001.19064508536
 3.2000000000000006 .94241061822407135 .55747229523925058E-002 .0000000000000000 250001.72250785559
 3.3000000000000003 .85768780088842278 .46175770232854858E-002 .0000000000000000 250001.11484363422
 3.4000000000000004 .80780552271939943 .21871580980572431E-002 .0000000000000000 250000.36077423274
 3.5000000000000004 .80491057227675122 -.15709100243148783E-002 .0000000000000000 250000.65792507000
 3.6000000000000005 .84978529654350288 -.52063398313309164E-002 .0000000000000000 250001.98527204865
 3.7000000000000006 .93157354603264342 -.72011364213539868E-002 .0000000000000000 250002.93803003288
 3.8000000000000007 1.0300954183517304 -.67660506767700992E-002 .0000000000000000 250002.21548329043
 3.9000000000000004 1.1209574278912862 -.41384990727994552E-002 .0000000000000000 249999.55733040368
 4.0000000000000009 1.1822218261610566 -.98716847243046223E-003 .0000000000000000 249996.60873067036
 4.1000000000000005 1.1994977614033362 .11942019484053720E-002 .0000000000000000 249995.99265281687
 4.2000000000000002 1.1680441577193941 .27201631571652234E-002 .0000000000000000 249998.09146596462
 4.3000000000000007 1.0941930130726363 .43100783586465345E-002 .0000000000000000 250000.66444492940
 4.4000000000000004 .99666566633488340 .54311919063772069E-002 .0000000000000000 250001.93497243291
 4.5000000000000009 .90261891119169502 .49900227465030670E-002 .0000000000000000 250001.78528171574
 4.6000000000000005 .83581289723991226 .30276637952180549E-002 .0000000000000000 250001.00913818894
 4.7000000000000002 .80558223826336672 .10712020436504097E-002 .0000000000000000 250000.57086003158
 4.8000000000000007 .80701759981876231 .17030776229117549E-003 .0000000000000000 250000.40668458806
 4.9000000000000004 .82892330337374687 -.24979455638015693E-004 .0000000000000000 250000.19118767060
 5.0000000000000009 .86078043855087527 -.25760035039850907E-007 .0000000000000000 250000.00000000003
