 -5.0000000000000000 3.8571430000000002 3207.3066140238370 .0000000000000000 3916666.0931709171
 -4.9000000000000004 3.8555890050896156 3206.8359351726672 .0000000000000000 3915383.7876671604
 -4.7999999999999998 3.8521985961430931 3206.2446970466863 .0000000000000000 3913038.0302384454
 -4.7000000000000002 3.8498371016327715 3206.5340125703447 .0000000000000000 3911738.2233993821
 -4.5999999999999996 3.8575680813757480 3207.8008461660615 .0000000000000000 3914994.1375472471
 -4.5000000000000000 3.8771043316786105 3212.9856396079003 .0000000000000000 3928445.7734345999
 -4.4000000000000004 3.8724006509776587 3217.4800824066388 .0000000000000000 3936809.7337994352
 -4.2999999999999998 3.8215952724861935 3193.5596353159003 .0000000000000000 3894910.8450955460
 -4.2000000000000002 3.8484750869610727 3196.3766658292802 .0000000000000000 3896870.5354009876
 -4.0999999999999996 4.0040805442691516 3266.4020614015358 .0000000000000000 4035899.6709638317
 -4.0000000000000000 4.0175869809527365 3226.2766327370637 .0000000000000000 4058300.6408404750
 -3.8999999999999999 3.8659428145310217 3156.8648089495873 .0000000000000000 3921119.9292402533
 -3.7999999999999998 3.8603450717683949 3310.6872454073741 .0000000000000000 3910800.5662294016
 -3.6999999999999997 3.7422076517101437 3210.9535127672302 .0000000000000000 3790213.0161455409
 -3.6000000000000001 3.4197038608890096 2786.0524712161928 .0000000000000000 3670237.2633691686
 -3.5000000000000000 3.5562864041532718 2832.7779132448463 .0000000000000000 3920373.1808691337
 -3.3999999999999999 3.5797241742307984 2654.4300337979548 .0000000000000000 3282380.9160776637
 -3.2999999999999998 2.4189829803010556 1334.9145409692785 .0000000000000000 1375596.1081232245
 -3.1999999999999997 1.1563293599321509 175.27580326757499 .0000000000000000 225451.71698249789
 -3.1000000000000001 .92043656110022765 11.585965548043877 .0000000000000000 265161.03116077435
 -3.0000000000000000 .95443263818153778 46.259297130323560 .0000000000000000 299072.82601734780
 -2.8999999999999999 .79726746509450408 -15.832615187477742 .0000000000000000 222567.36610765418
 -2.7999999999999998 .77881971996699817 -4.8079060940552134 .0000000000000000 249346.40180344658
 -2.6999999999999997 .85595583664936370 6.6937546231488145 .0000000000000000 256609.72922574449
 -2.5999999999999996 .91435433549517908 -2.3864599987882729 .0000000000000000 247202.90798670318
 -2.5000000000000000 1.0091894370731354 -.35101748057364834 .0000000000000000 249936.96375461679
 -2.3999999999999999 1.1100365015938396 .76592083619886919 .0000000000000000 250604.75756448341
 -2.2999999999999998 1.1746490378346279 -.32358669837921661 .0000000000000000 249758.53351632974
 -2.1999999999999997 1.1995537265416767 .86999842038370939E-002 .0000000000000000 249987.35529809690
 -2.0999999999999996 1.1763090703159078 .65481340474817309E-001 .0000000000000000 250064.26961944212
 -1.9999999999999998 1.1086803955464246 -.41171695832338567E-001 .0000000000000000 249971.40474967906
 -1.8999999999999999 1.0150064350799974 .10837726990970936E-001 .0000000000000000 250003.40900265856
 -1.7999999999999998 .91761529747342818 .81724525190385987E-002 .0000000000000000 250006.11338436682
 -1.6999999999999997 .84028639584985798 -.11677109083958336E-002 .0000000000000000 249992.28474337957
 -1.5999999999999999 .80214512248765957 .23783406563450001E-002 .0000000000000000 249997.68357795000
 -1.4999999999999998 .81241354576148950 -.18840005186151600E-002 .0000000000000000 249997.51286408049
 -1.3999999999999999 .86860194038107474 -.44684015169288742E-002 .0000000000000000 249997.35383829070
 -1.2999999999999998 .95697253348508393 -.27996893187152683E-002 .0000000000000000 250000.14849847564
 -1.1999999999999997 1.0558769116979851 -.74673147277699154E-003 .0000000000000000 250001.63374240941
 -1.0999999999999999 1.1411037681687286 .74247825896186169E-003 .0000000000000000 250002.09262394227
 -.99999999999999978 1.1917841274070651 .73555918863147534E-003 .0000000000000000 250001.99265141669
 -.89999999999999980 1.1955056200878662 -.57627693383032971E-003 .0000000000000000 250001.96632103121
 -.79999999999999982 1.1513571525300481 -.10325880579439349E-002 .0000000000000000 250002.24203802380
 -.69999999999999973 1.0701502467485500 .44458039290219204E-003 .0000000000000000 250001.81987042894
 -.59999999999999976 .97177038918229797 .27852106983984083E-002 .0000000000000000 250000.26411997934
 -.49999999999999978 .88030646858706818 .40873661695952990E-002 .0000000000000000 249998.31458189877
 -.39999999999999974 .81815034183070734 .28740026234220974E-002 .0000000000000000 249996.80701354364
 -.29999999999999971 .80051437646415247 -.47645500304943026E-003 .0000000000000000 249996.34483408378
 -.19999999999999973 .83171364344932930 -.34853360657302762E-002 .0000000000000000 249997.14828283113
 -.99999999999999728E-001 .90411358676954356 -.40161671622649395E-002 .0000000000000000 249998.85021414066
 .27755575615628914E-015 .99999337686221412 -.22150644012479317E-002 .0000000000000000 250000.80240985029
 .10000000000000028 1.0958790932326228 .15230759405755845E-003 .0000000000000000 250002.09713442007
 .20000000000000029 1.1682919535306242 .11407903998008726E-002 .0000000000000000 250002.23191811127
 .30000000000000027 1.1994990827964052 .21890572055773501E-003 .0000000000000000 250001.94281317975
 .40000000000000030 1.1818578702851061 -.95674727071049090E-003 .0000000000000000 250002.06301639698
 .50000000000000033 1.1196892290770677 -.47467929548597091E-003 .0000000000000000 250002.10257291395
 .60000000000000031 1.0282176331192425 .15358840251929985E-002 .0000000000000000 250001.15334615402
 .70000000000000029 .92984081898343318 .34031757067005527E-002 .0000000000000000 249999.43137980808
 .80000000000000027 .84864480399763809 .34950629863767257E-002 .0000000000000000 249997.74966876514
 .90000000000000036 .80450553176659578 .12739696244261471E-002 .0000000000000000 249996.70312274143
 1.0000000000000004 .80822561363549084 -.18324737200205853E-002 .0000000000000000 249996.79091783438
 1.1000000000000003 .85889537303449559 -.35274331788016687E-002 .0000000000000000 249997.95531588484
 1.2000000000000004 .94411367562250947 -.30222735060911397E-002 .0000000000000000 249999.66079458405
 1.3000000000000003 1.0430180923088124 -.11693326147885130E-002 .0000000000000000 250001.29133405822
 1.4000000000000004 1.1313927113819158 .56872781535506796E-003 .0000000000000000 250002.06074899348
 1.5000000000000004 1.1875985759410410 .77683939331014626E-003 .0000000000000000 250001.95611658785
 1.6000000000000003 1.1978714775594124 -.43482625757048981E-003 .0000000000000000 250001.94211942962
 1.7000000000000004 1.1596946893921212 -.11134437603394494E-002 .0000000000000000 250002.27067501878
 1.8000000000000003 1.0824174030381912 .13597140457549984E-003 .0000000000000000 250001.98449072748
 1.9000000000000004 .98496350196154381 .25443546896455256E-002 .0000000000000000 250000.53032061618
 2.0000000000000004 .89119555283646268 .41314956638345340E-002 .0000000000000000 249998.55089673551
 2.1000000000000005 .82406987233778439 .32288652354681147E-002 .0000000000000000 249996.92931870278
 2.2000000000000002 .80001557111379040 -.30223973136898566E-004 .0000000000000000 249996.29868421255
 2.3000000000000003 .82491846918130607 -.32676266692566480E-002 .0000000000000000 249996.95103406717
 2.4000000000000004 .89268505118495722 -.41266896001964874E-002 .0000000000000000 249998.58458235677
 2.5000000000000004 .98672926042163089 -.25078435033181450E-002 .0000000000000000 250000.56390849393
 2.6000000000000005 1.0840271782606308 -.98559308696011749E-004 .0000000000000000 250002.00240463720
 2.7000000000000006 1.1607542412042180 .11196561254635698E-002 .0000000000000000 250002.27051431971
 2.8000000000000003 1.1981211586773566 .41287119213465247E-003 .0000000000000000 250001.93882248795
 2.9000000000000004 1.1869777146955804 -.78136945374229067E-003 .0000000000000000 250001.95324127443
 3.0000000000000004 1.1300531207251892 -.53007789468418340E-003 .0000000000000000 250002.04273591095
 3.1000000000000005 1.0412865848142403 .12148060603565279E-002 .0000000000000000 250001.25294085077
 3.2000000000000006 .94241701930654309 .30229006304990313E-002 .0000000000000000 249999.62261599393
 3.3000000000000003 .85764915719209989 .34733963424764119E-002 .0000000000000000 249997.94134423320
 3.4000000000000004 .80772524882867502 .17584490480346590E-002 .0000000000000000 249996.80546227473
 3.5000000000000004 .80488450683906265 -.13091781677506580E-002 .0000000000000000 249996.72467229966
 3.6000000000000005 .84982751532056977 -.34608877267720737E-002 .0000000000000000 249997.77334771160
 3.7000000000000006 .93148599395892828 -.33678758408333619E-002 .0000000000000000 249999.50160278843
 3.8000000000000007 1.0299241100951939 -.15550409745110662E-002 .0000000000000000 250001.21656827847
 3.9000000000000004 1.1211873823277658 .56107794671155322E-003 .0000000000000000 250001.97316250444
 4.0000000000000009 1.1826509938689596 .11338693399304237E-002 .0000000000000000 250001.90452285108
 4.1000000000000005 1.1990824002301834 -.71356236103231998E-003 .0000000000000000 250002.43917921063
 4.2000000000000002 1.1673171637672024 -.26950950495226909E-002 .0000000000000000 250003.53220810249
 4.3000000000000007 1.0950691096611080 -.11001684245257825E-002 .0000000000000000 250003.20906345782
 4.4000000000000004 .99796015052372389 .36173321212606777E-002 .0000000000000000 250000.97872104694
 4.5000000000000009 .90106912454648491 .61234643809295010E-002 .0000000000000000 249998.58679844890
 4.6000000000000005 .83329680818147001 .36541857222042694E-002 .0000000000000000 249997.42290170258
 4.7000000000000002 .80753279664316424 -.29087836989159506E-003 .0000000000000000 249997.35743526308
 4.8000000000000007 .81362328935883177 -.21027415711991860E-002 .0000000000000000 249997.65580556306
 4.9000000000000004 .83490920324348517 -.16844845954436416E-002 .0000000000000000 249998.45342490717
 5.0000000000000009 .86078043855087527 -.11091376515060425E-007 .0000000000000000 250000.00000000003
