 -5.0000000000000000 3.8571430000000002 3207.1354052886618 .0000000000000000 3916666.0931709171
 -4.9500000000000002 3.8571399793615737 3207.1345437183609 .0000000000000000 3916664.0868181735
 -4.9000000000000004 3.8571433068865493 3207.1342824319827 .0000000000000000 3916667.0416047908
 -4.8499999999999996 3.8571935818044301 3207.1434216198372 .0000000000000000 3916705.2444882933
 -4.7999999999999998 3.8573906138206624 3207.1884760999551 .0000000000000000 3916853.7162940204
 -4.7500000000000000 3.8577225692878163 3207.2747305550356 .0000000000000000 3917107.3595957668
 -4.7000000000000002 3.8577255946521887 3207.2834525217750 .0000000000000000 3917118.5203702976
 -4.6500000000000004 3.8567971256264157 3207.0453572839729 .0000000000000000 3916415.9236036963
 -4.5999999999999996 3.8554753749059523 3206.7108500542477 .0000000000000000 3915387.4275142513
 -4.5499999999999998 3.8555441416652600 3206.7727873930521 .0000000000000000 3915406.8632677635
 -4.5000000000000000 3.8576213394615060 3207.3469614454598 .0000000000000000 3916999.7868924453
 -4.4500000000000002 3.8593230232290505 3207.7020649904048 .0000000000000000 3918361.4710311824
 -4.4000000000000004 3.8579782765715849 3207.1839908365869 .0000000000000000 3917373.8435323872
 -4.3499999999999996 3.8552713066561504 3206.4964984395501 .0000000000000000 3915248.1308774971
 -4.2999999999999998 3.8560967393765746 3206.9958084426198 .0000000000000000 3915791.3700761492
 -4.2500000000000000 3.8609690369733762 3208.3827047426180 .0000000000000000 3919537.0469172699
 -4.2000000000000002 3.8629339515351266 3208.4862965316424 .0000000000000000 3921166.1429640152
 -4.1500000000000004 3.8565669643845779 3206.4405697202410 .0000000000000000 3916361.5430638730
 -4.0999999999999996 3.8483424840546312 3204.7724230017025 .0000000000000000 3909951.6653626505
 -4.0499999999999998 3.8510657030021922 3206.3751775506830 .0000000000000000 3911833.9992144755
 -4.0000000000000000 3.8653545929392172 3209.8562317164797 .0000000000000000 3922755.4371004677
 -3.9499999999999997 3.8735262552630139 3210.3800290485042 .0000000000000000 3929335.3146495386
 -3.8999999999999999 3.8602647441894313 3206.2956590457866 .0000000000000000 3919510.3898600712
 -3.8500000000000001 3.8368285876309969 3202.3855844633717 .0000000000000000 3901231.3855346064
 -3.7999999999999998 3.8331307384118043 3203.7798929067635 .0000000000000000 3897580.3644799762
 -3.7500000000000000 3.8616017873350827 3209.2444986271353 .0000000000000000 3919406.7535920055
 -3.6999999999999997 3.8969177155118304 3213.6347680244576 .0000000000000000 3947740.3268815824
 -3.6499999999999999 3.8982809365441495 3213.4306358364279 .0000000000000000 3949740.0272543286
 -3.6000000000000001 3.8526799178376612 3207.4728867493704 .0000000000000000 3913655.0014811079
 -3.5499999999999998 3.7962516301914486 3197.7216029930178 .0000000000000000 3867838.9406156791
 -3.5000000000000000 3.7875766976625123 3191.9670202017805 .0000000000000000 3861043.9969922067
 -3.4499999999999997 3.8514536739838636 3200.0807631185335 .0000000000000000 3914040.1267172489
 -3.3999999999999999 3.9513772015827104 3222.8403989901763 .0000000000000000 3993186.8187115942
 -3.3500000000000001 4.0225619883309554 3245.9546019158238 .0000000000000000 4043689.2335443934
 -3.2999999999999998 4.0251506671231754 3249.6907885973774 .0000000000000000 4040808.8597723660
 -3.2500000000000000 3.9623689923968612 3227.7194253584880 .0000000000000000 3996117.9633236523
 -3.1999999999999997 3.8624788341833272 3195.7171261916164 .0000000000000000 3928689.7794628451
 -3.1499999999999999 3.7573519398263016 3176.7338188754788 .0000000000000000 3849456.3209297988
 -3.1000000000000001 3.6749790139668206 3175.1204629210611 .0000000000000000 3773060.9640338975
 -3.0499999999999998 3.6413390716147087 3173.3787913051742 .0000000000000000 3734652.0503555620
 -3.0000000000000000 3.6789548301766533 3164.6516525053653 .0000000000000000 3772949.1081482554
 -2.9499999999999997 3.7909971073385789 3172.0766093401376 .0000000000000000 3880405.2071821294
 -2.8999999999999999 3.9397186161132458 3212.4282043988069 .0000000000000000 3994628.9440999953
 -2.8500000000000001 4.0544021238578862 3258.0100756959937 .0000000000000000 4059545.0660447390
 -2.7999999999999998 4.0841820443623629 3267.0700683237574 .0000000000000000 4072338.9768143846
 -2.7500000000000000 4.0456524795430360 3240.6125426625858 .0000000000000000 4062695.7688782583
 -2.6999999999999997 4.0026693392614909 3219.2709855730809 .0000000000000000 4051489.5009553605
 -2.6499999999999999 3.9964330468102327 3229.0282953504125 .0000000000000000 4039111.4818223086
 -2.5999999999999996 4.0073966760582831 3252.3220165236776 .0000000000000000 4019334.1219170340
 -2.5499999999999998 3.9880164865723988 3254.1887979854932 .0000000000000000 3991794.7555645993
 -2.5000000000000000 3.9219404691760387 3224.3199120620443 .0000000000000000 3961711.3475229479
 -2.4499999999999997 3.8430251651156326 3187.3711537622366 .0000000000000000 3933130.2498583114
 -2.3999999999999999 3.7973109005726937 3173.7351176949087 .0000000000000000 3903678.8138525081
 -2.3499999999999996 3.7936207286444494 3186.6560349864135 .0000000000000000 3868614.2596693132
 -2.2999999999999998 3.7991193235029148 3205.4393235659568 .0000000000000000 3834389.3367465837
 -2.2500000000000000 3.7781719858855451 3213.6898680013760 .0000000000000000 3817929.1531404536
 -2.1999999999999997 3.7192311638254498 3203.7115525432555 .0000000000000000 3814496.2274853871
 -2.1499999999999999 3.6302672887340606 3160.5161604095529 .0000000000000000 3781818.4353374010
 -2.0999999999999996 3.5457973585224445 3087.2729056036419 .0000000000000000 3703728.0979930484
 -2.0499999999999998 3.5429070335002129 3052.0282034697539 .0000000000000000 3662718.1805217206
 -1.9999999999999998 3.6869468657578213 3135.7900794532356 .0000000000000000 3763889.2989631575
 -1.9499999999999997 3.9227080347560821 3298.4385531008779 .0000000000000000 3964761.2305057263
 -1.8999999999999999 4.0795124488205463 3376.9267969766606 .0000000000000000 4084316.6452380279
 -1.8499999999999999 4.0469789044977711 3280.1248994989046 .0000000000000000 4032883.3964707470
 -1.7999999999999998 3.9095100951198822 3120.6216606136227 .0000000000000000 3936725.7987099420
 -1.7499999999999998 3.8491368772638852 3081.3040346036701 .0000000000000000 3961076.1748755728
 -1.6999999999999997 3.9397063233476932 3195.0206024973986 .0000000000000000 4082869.8040086357
 -1.6499999999999999 4.0882138977460150 3329.0562206954196 .0000000000000000 4137847.2935185302
 -1.5999999999999999 4.1612563740028881 3364.3679177554809 .0000000000000000 4058119.6144143846
 -1.5499999999999998 4.1117332024283364 3311.3172024435744 .0000000000000000 3948893.3526376546
 -1.4999999999999998 3.9771121797358129 3240.9379906271315 .0000000000000000 3925073.3307135189
 -1.4499999999999997 3.8108341929294323 3175.8711436472922 .0000000000000000 3963556.7938993555
 -1.3999999999999999 3.6559394063861852 3094.0549810891457 .0000000000000000 3946333.3574650697
 -1.3499999999999999 3.5644636429832723 3011.1178255045611 .0000000000000000 3821266.3094904134
 -1.2999999999999998 3.5925378916494051 3008.6549452479212 .0000000000000000 3688606.6553796935
 -1.2499999999999998 3.7463363993669958 3152.4032833270503 .0000000000000000 3695975.3199865059
 -1.1999999999999997 3.9401945585802411 3389.8834237989968 .0000000000000000 3862476.7920574378
 -1.1499999999999997 4.0332111195672269 3551.5885839955695 .0000000000000000 4033949.2520514685
 -1.0999999999999999 3.9276022904811505 3471.5973739435226 .0000000000000000 4005233.2186455987
 -1.0499999999999998 3.6577786005666915 3149.3392194831667 .0000000000000000 3734212.9569397201
 -.99999999999999978 3.4027386480522344 2816.9238073602796 .0000000000000000 3471995.8924283022
 -.94999999999999973 3.3703282632702365 2765.9788205665027 .0000000000000000 3551799.3675465262
 -.89999999999999980 3.6067866521070866 3029.1634404919819 .0000000000000000 3947545.2646807507
 -.84999999999999976 3.9429770541287317 3322.0921495069292 .0000000000000000 4228072.5195609489
 -.79999999999999982 4.1835880307925066 3401.2251982884732 .0000000000000000 4123458.2808630769
 -.74999999999999978 4.2973394503895790 3354.3684719167759 .0000000000000000 3897822.0149267525
 -.69999999999999973 4.3472449269161713 3393.9385487445907 .0000000000000000 3940096.3887336529
 -.64999999999999980 4.3125918517209518 3497.1010690731882 .0000000000000000 4223854.6928986767
 -.59999999999999976 4.1090080603649541 3435.9324817557326 .0000000000000000 4360806.9798013680
 -.54999999999999971 3.7744486741852050 3123.7165132268824 .0000000000000000 4092320.1545295664
 -.49999999999999978 3.5352545081585216 2809.4920937747493 .0000000000000000 3655390.0658867639
 -.44999999999999973 3.6156806574669713 2851.8833696202964 .0000000000000000 3550214.4194898382
 -.39999999999999974 3.9713117401161533 3284.9434566685454 .0000000000000000 3911201.6215171996
 -.34999999999999976 4.2710193135674590 3709.2965274959993 .0000000000000000 4317187.0007961001
 -.29999999999999971 4.2018901348506823 3693.4548958663518 .0000000000000000 4281224.2364494521
 -.24999999999999972 3.7772909745299752 3224.9269982948608 .0000000000000000 3777473.1229689769
 -.19999999999999973 3.3233082459699674 2722.5431829005156 .0000000000000000 3269537.0695093069
 -.14999999999999974 3.1744869985092667 2630.1739010233764 .0000000000000000 3265611.0063512302
 -.99999999999999728E-001 3.3667351250708197 2970.0475985127969 .0000000000000000 3765569.3573539131
 -.49999999999999725E-001 3.6230154211047907 3298.8904535610468 .0000000000000000 4163539.4367976068
 .27755575615628914E-015 3.6925027126705610 3226.0288297204643 .0000000000000000 3945213.0799055570
 .50000000000000280E-001 3.6719743090355443 2942.7908438403156 .0000000000000000 3428862.6221665991
 .10000000000000028 3.8508406969662454 2984.7601239797700 .0000000000000000 3399465.3817017525
 .15000000000000030 4.2364273501186718 3460.5872669484247 .0000000000000000 4060321.6570499935
 .20000000000000029 4.4167354600526263 3809.6952530790272 .0000000000000000 4702142.4063256318
 .25000000000000028 4.0133525905461465 3420.1659122990036 .0000000000000000 4427625.8563335584
 .30000000000000027 3.2548903116672698 2445.5439205363937 .0000000000000000 3295576.4006722984
 .35000000000000031 2.9623096112500962 1942.6314410152665 .0000000000000000 2637259.7525941096
 .40000000000000030 3.6653591269022163 2751.4189771744345 .0000000000000000 3529383.1937938989
 .45000000000000029 4.7200622517626272 4114.2033479647216 .0000000000000000 5040479.9332076404
 .50000000000000033 4.8513666046536574 4302.6703257182116 .0000000000000000 5130253.5158874281
 .55000000000000027 3.7164645974930863 2885.6684323753675 .0000000000000000 3382470.7908488777
 .60000000000000031 2.2477093065678786 1183.1338166946487 .0000000000000000 1422680.2945522105
 .65000000000000036 1.3406885336773233 289.98653258260339 .0000000000000000 487104.21482221881
 .70000000000000029 1.0097068660491402 55.258967647502530 .0000000000000000 291860.33473788935
 .75000000000000033 .90023566913665365 7.7564748163175583 .0000000000000000 257802.03950206665
 .80000000000000027 .84645314331501897 -3.0739215941344646 .0000000000000000 246189.70600601463
 .85000000000000031 .82009056041027095 -.20517751603126466E-001 .0000000000000000 250229.48722692690
 .90000000000000036 .80509175622727736 .28676061164445921 .0000000000000000 250370.58435917509
 .95000000000000029 .79995137898981661 -.19032663702389205 .0000000000000000 249731.00487897662
 1.0000000000000004 .80821120946423441 .79224919817981396E-001 .0000000000000000 250125.85798136203
 1.0500000000000003 .82828728577561594 .13698897303928920E-001 .0000000000000000 249993.35827609929
 1.1000000000000003 .85885757882011482 -.23217636588715444E-001 .0000000000000000 249979.56513321237
 1.1500000000000004 .89835228266193390 .10755809377790379E-001 .0000000000000000 250015.13109152642
 1.2000000000000004 .94412169032327853 -.12777874070871542E-002 .0000000000000000 249994.64476257929
 1.2500000000000004 .99335897104750803 -.19879792444757369E-002 .0000000000000000 249999.96156214073
 1.3000000000000003 1.0430244714734911 .13595798619030356E-002 .0000000000000000 250001.36635034680
 1.3500000000000003 1.0900052285130208 -.51186250421911327E-003 .0000000000000000 249999.26242435712
 1.4000000000000004 1.1313944068365500 -.76768187847137213E-006 .0000000000000000 250000.26054208685
 1.4500000000000004 1.1646155425785878 .17865294878074026E-003 .0000000000000000 250000.15584069063
 1.5000000000000004 1.1875994610010856 -.59820781539348490E-004 .0000000000000000 249999.98744593680
 1.5500000000000003 1.1989197784768950 .43702061323961293E-004 .0000000000000000 250000.07962249176
 1.6000000000000003 1.1978717573925683 -.11393232822253336E-004 .0000000000000000 250000.05763727924
 1.6500000000000004 1.1845203754899278 -.49649539360148482E-004 .0000000000000000 250000.06290766603
 1.7000000000000004 1.1596960341051166 -.32028611127067936E-004 .0000000000000000 250000.08364731449
 1.7500000000000004 1.1249422275776519 -.15530433994881718E-004 .0000000000000000 250000.07901793503
 1.8000000000000003 1.0824206598921866 .33271656404918701E-004 .0000000000000000 250000.06196146650
 1.8500000000000003 1.0347758858938885 .91763089279830215E-004 .0000000000000000 250000.04292809113
 1.9000000000000004 .98496975979674917 .12857332532835517E-003 .0000000000000000 250000.02063005880
 1.9500000000000004 .93609753152770769 .12501596510051409E-003 .0000000000000000 249999.98735753846
 2.0000000000000004 .89119700341531793 .93404890353204455E-004 .0000000000000000 249999.94803436651
 2.0500000000000003 .85306090951410163 .79375544138411743E-004 .0000000000000000 249999.91806905580
 2.1000000000000005 .82406207662914044 .89785687569302310E-004 .0000000000000000 249999.90000967585
 2.1500000000000004 .80600347455658172 .71095941228721803E-004 .0000000000000000 249999.88758010726
 2.2000000000000002 .80000598727480787 -.19200876243909926E-005 .0000000000000000 249999.88230368347
 2.2500000000000004 .80644135189748078 -.73432247379484611E-004 .0000000000000000 249999.88770418463
 2.3000000000000003 .82491070185595672 -.89485081184657753E-004 .0000000000000000 249999.90040605914
 2.3500000000000005 .85426759084464277 -.78271421914558327E-004 .0000000000000000 249999.91880164488
 2.4000000000000004 .89268668392450146 -.93079248334254332E-004 .0000000000000000 249999.94907883246
 2.4500000000000006 .93777751390915498 -.12514749030329930E-003 .0000000000000000 249999.98865057656
 2.5000000000000004 .98673556272046303 -.12800789818839938E-003 .0000000000000000 250000.02170483585
 2.5500000000000003 1.0365177623292781 -.88735349573975476E-004 .0000000000000000 250000.04372222527
 2.6000000000000005 1.0840303666603246 -.32166906629468979E-004 .0000000000000000 250000.06357884707
 2.6500000000000004 1.1263196590943489 .15237300187453173E-004 .0000000000000000 250000.07977845587
 2.7000000000000006 1.1607555372095888 .39125907505809584E-004 .0000000000000000 250000.08151508516
 2.7500000000000004 1.1851960966931903 .36128140883214536E-004 .0000000000000000 250000.06906098503
 2.8000000000000003 1.1981215040582920 .13577439266810049E-004 .0000000000000000 250000.05639148108
 2.8500000000000005 1.1987282740982241 -.16171508001956210E-004 .0000000000000000 250000.05682197228
 2.9000000000000004 1.1869786966553597 -.40964059066820943E-004 .0000000000000000 250000.07136809820
 2.9500000000000006 1.1636031397257891 -.48550639224868866E-004 .0000000000000000 250000.08783043016
 3.0000000000000004 1.1300551573641917 -.30183829879179772E-004 .0000000000000000 250000.09112261163
 3.0500000000000003 1.0884214195177102 .13602060320387472E-004 .0000000000000000 250000.07802787793
 3.1000000000000005 1.0412913217210322 .71474599454192543E-004 .0000000000000000 250000.05705268375
 3.1500000000000004 .99159487017094061 .11932500384211410E-003 .0000000000000000 250000.02979515505
 3.2000000000000006 .94242051177188269 .13116237251257115E-003 .0000000000000000 249999.98816652023
 3.2500000000000004 .89682477526787308 .11290492569659510E-003 .0000000000000000 249999.93758188831
 3.3000000000000003 .85764353775328539 .10325154792835395E-003 .0000000000000000 249999.89893318247
 3.3500000000000005 .82731449642437960 .10813634495988053E-003 .0000000000000000 249999.88478976584
 3.4000000000000004 .80772333051405854 .70364984459024248E-004 .0000000000000000 249999.89855836789
 3.4500000000000006 .80008658800527965 -.49752963712313030E-004 .0000000000000000 249999.94764378053
 3.5000000000000004 .80487837797071626 -.20568804600477235E-003 .0000000000000000 250000.03470453733
 3.5500000000000003 .82180154074595968 -.32738607103840350E-003 .0000000000000000 250000.14267526104
 3.6000000000000005 .84980439069944969 -.40518185539304980E-003 .0000000000000000 250000.23982734009
 3.6500000000000004 .88714579952605699 -.45305464855779855E-003 .0000000000000000 250000.29321532304
 3.7000000000000006 .93150493132720602 -.43640102663595012E-003 .0000000000000000 250000.27230922665
 3.7500000000000004 .98012408621741764 -.31004243894213124E-003 .0000000000000000 250000.16838506280
 3.8000000000000007 1.0299769487372679 -.10882164573351510E-003 .0000000000000000 250000.03187170441
 3.8500000000000005 1.0779607213557703 .54176778178104133E-004 .0000000000000000 249999.95614052733
 3.9000000000000004 1.1210982390185349 .84567799366621295E-004 .0000000000000000 249999.99416305468
 3.9500000000000006 1.1567186044014985 -.57674863761887291E-005 .0000000000000000 250000.10149673143
 4.0000000000000009 1.1826019326140467 -.10371614404758913E-003 .0000000000000000 250000.17361638561
 4.0500000000000007 1.1971141548045705 -.10435251518554783E-003 .0000000000000000 250000.14481553488
 4.1000000000000005 1.1993468519167390 -.23927686886044394E-004 .0000000000000000 250000.05259807123
 4.1500000000000004 1.1892021096026388 .30837987665383489E-004 .0000000000000000 249999.99526770620
 4.2000000000000002 1.1673469096979534 .11822093007263481E-004 .0000000000000000 250000.02043826698
 4.2500000000000009 1.1350897331405623 -.15791099365479198E-004 .0000000000000000 250000.07298191547
 4.3000000000000007 1.0943385622084298 .12619174520747355E-004 .0000000000000000 250000.07486398553
 4.3500000000000005 1.0476505608542377 .71414745093126254E-004 .0000000000000000 250000.03338021215
 4.4000000000000004 .99811808028842608 .10278642332053760E-003 .0000000000000000 250000.01363736458
 4.4500000000000002 .94891926668293780 .96398905958022178E-004 .0000000000000000 250000.02406764374
 4.5000000000000009 .90285845367138362 .86228447355579001E-004 .0000000000000000 250000.01997524456
 4.5500000000000007 .86242909630815823 .10417771213817638E-003 .0000000000000000 249999.99366232450
 4.6000000000000005 .83028339368136639 .12712312852602913E-003 .0000000000000000 249999.96883376088
 4.6500000000000004 .80918003022775964 .79797151709583639E-004 .0000000000000000 249999.95531105451
 4.7000000000000002 .80084365743490082 -.51766931441991928E-004 .0000000000000000 249999.95458497421
 4.7500000000000009 .80465831351073280 -.15852779377139480E-003 .0000000000000000 249999.96682934128
 4.8000000000000007 .81779636853552640 -.15155056612188182E-003 .0000000000000000 249999.97409162903
 4.8500000000000005 .83692201709637581 -.82572611309431306E-004 .0000000000000000 249999.95861627557
 4.9000000000000004 .85968012506886060 -.29973549112654773E-004 .0000000000000000 249999.95027914981
 4.9500000000000002 .88469498074647590 -.59375225384843560E-005 .0000000000000000 249999.96836494090
 5.0000000000000009 .91078086403777636 .13820779865153733E-009 .0000000000000000 250000.00000000003
