 -5.0000000000000000 3.8571430000000002 3207.1352774410680 .0000000000000000 3916666.0931709171
 -4.9500000000000002 3.8571413721190946 3207.1315465492198 .0000000000000000 3916662.4688681150
 -4.9000000000000004 3.8571386049657015 3207.1264746356510 .0000000000000000 3916650.2854942330
 -4.8499999999999996 3.8571679996306991 3207.1892682154153 .0000000000000000 3916726.7914745780
 -4.7999999999999998 3.8571555020313246 3207.1764537400068 .0000000000000000 3916750.7728485158
 -4.7500000000000000 3.8570408066116926 3206.8835236199725 .0000000000000000 3916358.8332625600
 -4.7000000000000002 3.8572349213044475 3207.3232604444379 .0000000000000000 3916791.8964619455
 -4.6500000000000004 3.8571879803065179 3207.4917172743390 .0000000000000000 3917273.4626449556
 -4.5999999999999996 3.8568231363829724 3205.9881084556600 .0000000000000000 3915352.5532666682
 -4.5499999999999998 3.8576825619749466 3207.9188492937778 .0000000000000000 3916953.5850266195
 -4.5000000000000000 3.8568991674262771 3209.1484029452304 .0000000000000000 3919686.1061074529
 -4.4500000000000002 3.8558553081777851 3202.2487846837075 .0000000000000000 3912075.2973858854
 -4.4000000000000004 3.8607322382286497 3208.1141952556513 .0000000000000000 3914886.0590149947
 -4.3499999999999996 3.8556788591818574 3218.5945778207315 .0000000000000000 3929343.0246962076
 -4.2999999999999998 3.8463849762924669 3192.3242596508380 .0000000000000000 3907635.2943357942
 -4.2500000000000000 3.8746442984041347 3192.3352374658284 .0000000000000000 3896980.9711815603
 -4.2000000000000002 3.8754872559057985 3254.2830995099544 .0000000000000000 3951605.9692936684
 -4.1500000000000004 3.7908145647650056 3209.7403391100438 .0000000000000000 3930168.2235508109
 -4.0999999999999996 3.8499801654796904 3092.2676764756907 .0000000000000000 3842962.8185996790
 -4.0499999999999998 4.1504447011115868 3241.8348135345404 .0000000000000000 3992561.0426697657
 -4.0000000000000000 4.1927080132139647 3537.9984341119230 .0000000000000000 4281003.0124360006
 -3.9499999999999997 3.6027223957262340 3351.4611990051817 .0000000000000000 4101454.9978654180
 -3.8999999999999999 2.7518843543968710 2489.9155496100102 .0000000000000000 3158318.6539587970
 -3.8500000000000001 2.0637109263670244 1395.9618984440517 .0000000000000000 1830518.2256185727
 -3.7999999999999998 1.5393760443274289 542.90492905086069 .0000000000000000 778660.14929597080
 -3.7500000000000000 1.1836133200300885 111.47888784641032 .0000000000000000 326102.10497029527
 -3.6999999999999997 1.0772328496745820 1.9532877669443516 .0000000000000000 254463.10254341754
 -3.6499999999999999 1.1157936526469432 2.4589456708546669 .0000000000000000 255579.85827122425
 -3.6000000000000001 1.1541594423106891 1.7704898509300346 .0000000000000000 249290.18382758458
 -3.5499999999999998 1.1760008228972898 -1.3883991794806461 .0000000000000000 248709.20144084518
 -3.5000000000000000 1.1948166209373365 -.16382100330261445 .0000000000000000 250415.75703233090
 -3.4499999999999997 1.2005719006773801 .37256117262944244 .0000000000000000 250210.96593707977
 -3.3999999999999999 1.1920424605022091 -.68187491095433261E-001 .0000000000000000 249822.45046334574
 -3.3500000000000001 1.1726616300785466 -.55386679928329907E-001 .0000000000000000 250022.95917823911
 -3.2999999999999998 1.1424330902055453 .36591114163361319E-001 .0000000000000000 250041.92077975962
 -3.2500000000000000 1.1031383685505474 -.16398178299869069E-002 .0000000000000000 249970.40821883347
 -3.1999999999999997 1.0575844393919984 -.74901394760578527E-002 .0000000000000000 250005.50354984374
 -3.1499999999999999 1.0084119704063568 .35160924008722110E-002 .0000000000000000 250004.48177356948
 -3.1000000000000001 .95870117334069005 .98181886221497799E-004 .0000000000000000 249995.96618535425
 -3.0499999999999998 .91157719942141224 -.78981711830675703E-003 .0000000000000000 250001.36242087779
 -3.0000000000000000 .86994266691885802 .35652505040618742E-003 .0000000000000000 250000.05435352906
 -2.9499999999999997 .83639511508613307 -.11562463927137980E-004 .0000000000000000 249999.65523081186
 -2.8999999999999999 .81302125762126387 -.38145336434617221E-004 .0000000000000000 250000.16440373132
 -2.8500000000000001 .80127174448268079 .51457541776165372E-004 .0000000000000000 249999.86870055692
 -2.7999999999999998 .80187853449128399 -.24799841295828210E-004 .0000000000000000 249999.92215705075
 -2.7500000000000000 .81480352957842073 -.27087098454928841E-004 .0000000000000000 249999.98384314383
 -2.6999999999999997 .83924308734407138 -.19815951940302593E-005 .0000000000000000 249999.99007150106
 -2.6499999999999999 .87367780562527420 .66014388462192889E-005 .0000000000000000 249999.98848215709
 -2.5999999999999996 .91596660722666967 -.32812730594707826E-005 .0000000000000000 249999.97781416780
 -2.5499999999999998 .96348017883139314 -.16809440949374983E-004 .0000000000000000 249999.99899812241
 -2.5000000000000000 1.0132643716715564 -.14157018565040820E-004 .0000000000000000 250000.02834288578
 -2.4499999999999997 1.0622238593174451 -.21032076937763259E-005 .0000000000000000 250000.04022454107
 -2.3999999999999999 1.1073145773546504 .59113144786110342E-005 .0000000000000000 250000.03535428506
 -2.3499999999999996 1.1457329937650877 .76067605630500443E-005 .0000000000000000 250000.02371328749
 -2.2999999999999998 1.1750904355226344 .60685898518716100E-005 .0000000000000000 250000.01250825427
 -2.2500000000000000 1.1935616007588623 .33186265296864714E-005 .0000000000000000 250000.00487447152
 -2.1999999999999997 1.1999980427717396 .60032787906040413E-007 .0000000000000000 250000.00215768619
 -2.1499999999999999 1.1939995748536110 -.32102582260438808E-005 .0000000000000000 250000.00468926737
 -2.0999999999999996 1.1759391526187202 -.59858866841853682E-005 .0000000000000000 250000.01216497229
 -2.0499999999999998 1.1469396847925839 -.75869518370705138E-005 .0000000000000000 250000.02328997551
 -1.9999999999999998 1.1088042161290759 -.60731633047444501E-005 .0000000000000000 250000.03497326729
 -1.9499999999999997 1.0639038272776788 .17280631281036822E-005 .0000000000000000 250000.04035748437
 -1.8999999999999999 1.0150302155683137 .13705503553595155E-004 .0000000000000000 250000.02898648678
 -1.8499999999999999 .96522210869424907 .17130202713323849E-004 .0000000000000000 250000.00031256498
 -1.7999999999999998 .91757631745378587 .41339815275171688E-005 .0000000000000000 249999.97830266904
 -1.7499999999999998 .87505521047866064 -.77328487736494461E-005 .0000000000000000 249999.98532731860
 -1.6999999999999997 .84030256139046156 .38961404189845959E-005 .0000000000000000 249999.99747678055
 -1.6499999999999999 .81547915225981005 .24287491166181843E-004 .0000000000000000 249999.97270755912
 -1.5999999999999999 .80212837301013851 .17552855964597213E-004 .0000000000000000 249999.92755671474
 -1.5499999999999998 .80108026988315650 -.13011365909012706E-004 .0000000000000000 249999.92242459219
 -1.4999999999999998 .81240000370327503 -.25892937467672818E-004 .0000000000000000 249999.96483447004
 -1.4499999999999997 .83538380729071615 -.79651020093111789E-005 .0000000000000000 249999.99684787638
 -1.3999999999999999 .86860267756589393 .77559917953480170E-005 .0000000000000000 249999.98887220211
 -1.3499999999999999 .90999119912206672 -.95349283341675408E-006 .0000000000000000 249999.97736739437
 -1.2999999999999998 .95697601092658746 -.15910245342864187E-004 .0000000000000000 249999.99485615702
 -1.2499999999999998 1.0066358366726560 -.15440968027947275E-004 .0000000000000000 250000.02485583653
 -1.1999999999999997 1.0558830877476491 -.37499980807650151E-005 .0000000000000000 250000.03988479415
 -1.1499999999999997 1.1016558083640970 .52773002180186407E-005 .0000000000000000 250000.03658990166
 -1.0999999999999999 1.1411080632609478 .76418260897327423E-005 .0000000000000000 250000.02532891085
 -1.0499999999999998 1.1717868991253364 .63590124238015501E-005 .0000000000000000 250000.01383846707
 -.99999999999999978 1.1917848561244995 .37260452824531556E-005 .0000000000000000 250000.00562171332
 -.94999999999999973 1.1998585592559570 .50684209273439003E-006 .0000000000000000 250000.00221373400
 -.89999999999999980 1.1955060248541485 -.27971037416283297E-005 .0000000000000000 250000.00405139022
 -.84999999999999976 1.1789978723877728 -.56684098990302774E-005 .0000000000000000 250000.01092351429
 -.79999999999999982 1.1513604981632055 -.74797255871794832E-005 .0000000000000000 250000.02169500387
 -.74999999999999978 1.1143122585227618 -.65752740005578924E-005 .0000000000000000 250000.03356825278
 -.69999999999999973 1.0701566345293587 .25865843454060845E-006 .0000000000000000 250000.04037774538
 -.64999999999999980 1.0216390170589942 .12307535442846686E-004 .0000000000000000 250000.03175932050
 -.59999999999999976 .97177600196973701 .17916882535202513E-004 .0000000000000000 250000.00432771328
 -.54999999999999971 .92366781639483264 .66047369054331244E-005 .0000000000000000 249999.97904780234
 -.49999999999999978 .88030557553673494 -.75539513591516692E-005 .0000000000000000 249999.98239345095
 -.44999999999999973 .84438534558724709 .58397379217577569E-006 .0000000000000000 249999.99757345419
 -.39999999999999974 .81814050535555072 .22448614832470668E-004 .0000000000000000 249999.97909811613
 -.34999999999999976 .80320282980906677 .20735074251926829E-004 .0000000000000000 249999.93285985905
 -.29999999999999971 .80050103050269583 -.91020613461117997E-005 .0000000000000000 249999.91971288581
 -.24999999999999972 .81020307902643651 -.26571040264063934E-004 .0000000000000000 249999.95893467523
 -.19999999999999973 .83170578588910826 -.11020654949628246E-004 .0000000000000000 249999.99598933200
 -.14999999999999974 .86367224228776307 .76196072623370295E-005 .0000000000000000 249999.99151726611
 -.99999999999999728E-001 .90411490547592355 .15750443956053846E-005 .0000000000000000 249999.97665958363
 -.49999999999999725E-001 .95051921885765311 -.14764424760555272E-004 .0000000000000000 249999.99029654785
 .27755575615628914E-015 .99999999501700032 -.16757821771686942E-004 .0000000000000000 250000.02110606068
 .50000000000000280E-001 1.0494807797107379 -.54628199303611855E-005 .0000000000000000 250000.03912709738
 .10000000000000028 1.0958850997016467 .45173142370663225E-005 .0000000000000000 250000.03770819766
 .15000000000000030 1.1363277496498994 .76139799604827237E-005 .0000000000000000 250000.02693515172
 .20000000000000029 1.1682941972262384 .66244664856509526E-005 .0000000000000000 250000.01523021929
 .25000000000000028 1.1897969249904263 .41227617205673577E-005 .0000000000000000 250000.00645761850
 .30000000000000027 1.1994989987732374 .95324011542403388E-006 .0000000000000000 250000.00236434588
 .35000000000000031 1.1967971907403261 -.23770752569271293E-005 .0000000000000000 250000.00350449176
 .40000000000000030 1.1818594862052307 -.53318044624848432E-005 .0000000000000000 250000.00975392532
 .45000000000000029 1.1556146388239452 -.73237020807314881E-005 .0000000000000000 250000.02012210115
 .50000000000000033 1.1196944243797848 -.69738306035370386E-005 .0000000000000000 250000.03207292812
 .55000000000000027 1.0763321879009473 -.10928195520044291E-005 .0000000000000000 250000.04011589184
 .60000000000000031 1.0282239905895749 .10905365716997006E-004 .0000000000000000 250000.03410811859
 .65000000000000036 .97836097451019821 .18554312822156551E-004 .0000000000000000 250000.00805694109
 .70000000000000029 .92984336940455370 .90211429738591132E-005 .0000000000000000 249999.97978216491
 .75000000000000033 .88568774372714476 -.72299885196783571E-005 .0000000000000000 249999.97936074622
 .80000000000000027 .84863948729386918 -.27640807265139005E-005 .0000000000000000 249999.99729258503
 .85000000000000031 .82100211569438897 .20132363140200212E-004 .0000000000000000 249999.98551735727
 .90000000000000036 .80449399212333428 .23500152571734047E-004 .0000000000000000 249999.93916601749
 .95000000000000029 .80014147163187177 -.49826678633263251E-005 .0000000000000000 249999.91823541498
 1.0000000000000004 .80821515181600478 -.26724967654979064E-004 .0000000000000000 249999.95343157460
 1.0500000000000003 .82821308428002394 -.13891635528692985E-004 .0000000000000000 249999.99485214506
 1.1000000000000003 .85889192626612942 .73536269122851600E-005 .0000000000000000 249999.99401620316
 1.1500000000000004 .89834419685089939 .40989421798351182E-005 .0000000000000000 249999.97600377351
 1.2000000000000004 .94411691318610513 -.13452868328891696E-004 .0000000000000000 249999.98555775193
 1.2500000000000004 .99336415350153173 -.18003418193595140E-004 .0000000000000000 250000.01693103369
 1.3000000000000003 1.0430239853368908 -.72669427196780485E-005 .0000000000000000 250000.03800379383
 1.3500000000000003 1.0900088058417472 .36360464318954023E-005 .0000000000000000 250000.03866070302
 1.4000000000000004 1.1313973168369016 .75157302220651949E-005 .0000000000000000 250000.02852424825
 1.4500000000000004 1.1646161758614699 .68607755578119706E-005 .0000000000000000 250000.01667884528
 1.5000000000000004 1.1875999963900210 .45093255530838707E-005 .0000000000000000 250000.00737893651
 1.5500000000000003 1.1989197572606898 .13981322858192195E-005 .0000000000000000 250000.00260699692
 1.6000000000000003 1.1978716507283187 -.19522559721374801E-005 .0000000000000000 250000.00304813785
 1.6500000000000004 1.1845208429684380 -.49794597106103068E-005 .0000000000000000 250000.00866086449
 1.7000000000000004 1.1596974222723675 -.71244089623431077E-005 .0000000000000000 250000.01858207671
 1.7500000000000004 1.1249447870511584 -.72750814233376732E-005 .0000000000000000 250000.03050790096
 1.8000000000000003 1.0824236870860668 -.23228470870269152E-005 .0000000000000000 250000.03959914434
 1.8500000000000003 1.0347778850247458 .95156044186552483E-005 .0000000000000000 250000.03604389617
 1.9000000000000004 .98496977520027196 .19049059220049688E-004 .0000000000000000 250000.01148124100
 1.9500000000000004 .93609617619192376 .11366529619455618E-004 .0000000000000000 249999.98049396332
 2.0000000000000004 .89119578836947089 -.67600182005335160E-005 .0000000000000000 249999.97625209118
 2.0500000000000003 .85306030198804517 -.60990458100233319E-005 .0000000000000000 249999.99661992578
 2.1000000000000005 .82406083222455562 .17373048959362146E-004 .0000000000000000 249999.99185053434
 2.1500000000000004 .80600043822689205 .25800406721039647E-004 .0000000000000000 249999.94636280453
 2.2000000000000002 .80000198918326093 -.72676870327940689E-006 .0000000000000000 249999.91801525801
 2.2500000000000004 .80643841104811287 -.26361409117873348E-004 .0000000000000000 249999.94842597656
 2.3000000000000003 .82490954849121279 -.16539853690267635E-004 .0000000000000000 249999.99347953397
 2.3500000000000005 .85426699343914037 .69653870737196081E-005 .0000000000000000 249999.99636388879
 2.4000000000000004 .89268542774323023 .65991058674557777E-005 .0000000000000000 249999.97542668568
 2.4500000000000006 .93777614387628094 -.11972624142708767E-004 .0000000000000000 249999.98068663670
 2.5000000000000004 .98673561926864306 -.19153908863173172E-004 .0000000000000000 250000.01234316867
 2.5500000000000003 1.0365198146274812 -.91488844760242724E-005 .0000000000000000 250000.03649298009
 2.6000000000000005 1.0840333975553658 .26301949258693907E-005 .0000000000000000 250000.03942192762
 2.6500000000000004 1.1263221940338028 .73400379142139047E-005 .0000000000000000 250000.03008114808
 2.7000000000000006 1.1607568851315129 .70646408762349963E-005 .0000000000000000 250000.01817799846
 2.7500000000000004 1.1851964895011213 .48831060745182373E-005 .0000000000000000 250000.00838262576
 2.8000000000000003 1.1981214725518015 .18382468200042471E-005 .0000000000000000 250000.00294179344
 2.8500000000000005 1.1987282216602915 -.15164458502621235E-005 .0000000000000000 250000.00268724113
 2.9000000000000004 1.1869790121153472 -.46104923346012177E-005 .0000000000000000 250000.00763885622
 2.9500000000000006 1.1636043526898170 -.69183675945683046E-005 .0000000000000000 250000.01707401345
 3.0000000000000004 1.1300575649687921 -.74767468733368371E-005 .0000000000000000 250000.02894330589
 3.0500000000000003 1.0884244245615800 -.33800644220533736E-005 .0000000000000000 250000.03888353126
 3.1000000000000005 1.0412934840894645 .77619244191314467E-005 .0000000000000000 250000.03763955753
 3.1500000000000004 .99159512676871486 .18320600391611042E-004 .0000000000000000 250000.01574702558
 3.2000000000000006 .94241935004668620 .13074634355983689E-004 .0000000000000000 249999.98426934308
 3.2500000000000004 .89682364273400417 -.47689220525077396E-005 .0000000000000000 249999.97584096892
 3.3000000000000003 .85764292215157212 -.72617092183355373E-005 .0000000000000000 249999.99465729322
 3.3500000000000005 .82731328849340591 .14621237828311572E-004 .0000000000000000 249999.99450716397
 3.4000000000000004 .80772050939478623 .26678097384519459E-004 .0000000000000000 249999.95204384340
 3.4500000000000006 .80008273549191056 .38577569806848794E-005 .0000000000000000 249999.91805334020
 3.5000000000000004 .80487481356416768 -.24160905440780907E-004 .0000000000000000 249999.94100352415
 3.5500000000000003 .82179881850740411 -.19438091092208920E-004 .0000000000000000 249999.98721968039
 3.6000000000000005 .84980253738537326 .36569170287380012E-005 .0000000000000000 249999.99715188259
 3.6500000000000004 .88714482759907187 .71188880105365200E-005 .0000000000000000 249999.97853797307
 3.7000000000000006 .93150389117274857 -.96543248431450024E-005 .0000000000000000 249999.97997465689
 3.7500000000000004 .98012169122723158 -.18699897050263561E-004 .0000000000000000 250000.00900077558
 3.8000000000000007 1.0299754319647028 -.10533041039474164E-004 .0000000000000000 250000.03466408103
 3.8500000000000005 1.0779654518773862 .14332404661866379E-005 .0000000000000000 250000.04000243984
 3.9000000000000004 1.1211079727120641 .70635977764020865E-005 .0000000000000000 250000.03166094536
 3.9500000000000006 1.1567205824354538 .72720978922276882E-005 .0000000000000000 250000.01970586443
 4.0000000000000009 1.1825890128086118 .52445337745382126E-005 .0000000000000000 250000.00946313562
 4.0500000000000007 1.1971050928835261 .22636611163629557E-005 .0000000000000000 250000.00336277834
 4.1000000000000005 1.1993659584664389 -.10965996529659657E-005 .0000000000000000 250000.00240291472
 4.1500000000000004 1.1892309703821358 -.41707052297214281E-005 .0000000000000000 250000.00678784002
 4.2000000000000002 1.1673318983263885 -.66928466117246573E-005 .0000000000000000 250000.01550766005
 4.2500000000000009 1.1350267456999334 -.78428208821018987E-005 .0000000000000000 250000.02713836686
 4.3000000000000007 1.0943253840264451 -.38836645886245179E-005 .0000000000000000 250000.03880281403
 4.3500000000000005 1.0477700188656560 .60039619543535264E-005 .0000000000000000 250000.03871469208
 4.4000000000000004 .99822706222658941 .14157808048139009E-004 .0000000000000000 250000.01806891177
 4.4500000000000002 .94878650261358266 .14100187832411838E-004 .0000000000000000 249999.99715705696
 4.5000000000000009 .90260659056851689 -.24472350173542498E-005 .0000000000000000 249999.99786449931
 4.5500000000000007 .86238832131981891 -.28288817557755711E-004 .0000000000000000 250000.01376294406
 4.6000000000000005 .83060528198188510 .13713699999170193E-004 .0000000000000000 250000.03080428412
 4.6500000000000004 .80980672609128701 .13320894684598812E-003 .0000000000000000 249999.94327857916
 4.7000000000000002 .80067017719753630 .10945486479150823E-003 .0000000000000000 249999.68761367581
 4.7500000000000009 .80287477456164436 -.12556168514829189E-003 .0000000000000000 249999.65292127695
 4.8000000000000007 .81912760841220367 -.23292518479588547E-003 .0000000000000000 250000.04730073616
 4.8500000000000005 .84848271083258575 -.87885421144646720E-004 .0000000000000000 250000.30547727129
 4.9000000000000004 .87900992593041372 .49256066077961100E-004 .0000000000000000 250000.21420324614
 4.9500000000000002 .90002119662467928 .63171898630676852E-004 .0000000000000000 250000.07083001256
 5.0000000000000009 .91078086403777636 .23792682835790109E-011 .0000000000000000 250000.00000000003
