 -5.0000000000000000 3.8571430000000002 3207.1354171799185 .0000000000000000 3916666.0931709171
 -4.9500000000000002 3.8571610381932677 3207.1393360164134 .0000000000000000 3916680.0303692310
 -4.9000000000000004 3.8571894981090784 3207.1453662230083 .0000000000000000 3916702.1427762951
 -4.8499999999999996 3.8572277842378155 3207.1533222792677 .0000000000000000 3916732.2100754231
 -4.7999999999999998 3.8572432905439347 3207.1566661915135 .0000000000000000 3916744.9890689868
 -4.7500000000000000 3.8571180852845064 3207.1310345243364 .0000000000000000 3916647.1356429067
 -4.7000000000000002 3.8567923651739515 3207.0621432186740 .0000000000000000 3916390.9671016173
 -4.6500000000000004 3.8565950383132406 3207.0164907446538 .0000000000000000 3916237.6614625584
 -4.5999999999999996 3.8570798007542955 3207.1149726831009 .0000000000000000 3916622.4001238891
 -4.5499999999999998 3.8581109970361589 3207.3396772906631 .0000000000000000 3917427.8883506069
 -4.5000000000000000 3.8584600074325976 3207.4298078944389 .0000000000000000 3917683.4163289461
 -4.4500000000000002 3.8571611311883700 3207.1574964488700 .0000000000000000 3916655.5325105404
 -4.4000000000000004 3.8553129690325068 3206.7377232578756 .0000000000000000 3915238.5544501077
 -4.3499999999999996 3.8553466927743982 3206.7133381463523 .0000000000000000 3915311.8261411549
 -4.2999999999999998 3.8576807689396255 3207.2265967284998 .0000000000000000 3917120.8742902717
 -4.2500000000000000 3.8592432510863972 3207.6234533995580 .0000000000000000 3918253.6070502889
 -4.2000000000000002 3.8572256898373540 3207.2165285346591 .0000000000000000 3916648.3277904815
 -4.1500000000000004 3.8539731953302860 3206.4382536986468 .0000000000000000 3914227.1508340496
 -4.0999999999999996 3.8551920214315367 3206.6048271529626 .0000000000000000 3915286.7122251205
 -4.0499999999999998 3.8616129847945140 3208.0449001211759 .0000000000000000 3920174.4952503764
 -4.0000000000000000 3.8653146859154641 3209.0292450660668 .0000000000000000 3922826.6920103068
 -3.9499999999999997 3.8588035822755646 3207.6770102699866 .0000000000000000 3917790.7897359873
 -3.8999999999999999 3.8473389445833575 3204.9447930692290 .0000000000000000 3909219.1394538730
 -3.8500000000000001 3.8462637162595903 3204.4170909067088 .0000000000000000 3908550.0953803463
 -3.7999999999999998 3.8617753390048448 3207.9850497960301 .0000000000000000 3920219.1290228004
 -3.7500000000000000 3.8779045479063301 3212.0916035311552 .0000000000000000 3932279.2153895502
 -3.6999999999999997 3.8713105423413028 3210.6538360832751 .0000000000000000 3927444.6430643797
 -3.6499999999999999 3.8423464885731908 3203.4603314024739 .0000000000000000 3905754.6475288249
 -3.6000000000000001 3.8227083384433742 3198.7504784529965 .0000000000000000 3890504.2712874305
 -3.5499999999999998 3.8417213510438684 3203.7548670459055 .0000000000000000 3904269.4143545190
 -3.5000000000000000 3.8878590044227055 3214.7542095195331 .0000000000000000 3939589.5285565807
 -3.4499999999999997 3.9143644212803013 3220.0026522897415 .0000000000000000 3960987.1167697078
 -3.3999999999999999 3.8867801283905976 3212.3051855829849 .0000000000000000 3940711.7688153973
 -3.3500000000000001 3.8227116523778033 3197.9014627755005 .0000000000000000 3890839.6473508459
 -3.2999999999999998 3.7804965902435113 3190.9385613713962 .0000000000000000 3856404.7500894438
 -3.2500000000000000 3.8034053554605758 3197.6821541451586 .0000000000000000 3873306.2277808087
 -3.1999999999999997 3.8782237482264330 3211.2998657797093 .0000000000000000 3933285.4895750326
 -3.1499999999999999 3.9556415681362807 3223.9716786674308 .0000000000000000 3995437.6956629367
 -3.1000000000000001 4.0008375245905023 3234.7091878665838 .0000000000000000 4028854.6144391531
 -3.0499999999999998 4.0090860046531764 3241.9951700175475 .0000000000000000 4031779.7219089880
 -3.0000000000000000 3.9826745361087283 3238.3731434950946 .0000000000000000 4011346.8596013044
 -2.9499999999999997 3.9155096967653917 3217.9846807746867 .0000000000000000 3963508.8884493411
 -2.8999999999999999 3.8079969023552374 3187.2460607236621 .0000000000000000 3883717.8088800730
 -2.8500000000000001 3.6924377881084611 3164.2435235903354 .0000000000000000 3792085.1530572595
 -2.7999999999999998 3.6298308359140434 3161.5967808851155 .0000000000000000 3736859.5169419697
 -2.7500000000000000 3.6630366196211122 3172.3332938956246 .0000000000000000 3760196.6678539691
 -2.6999999999999997 3.7751887405802274 3184.7390047147219 .0000000000000000 3854265.5829879241
 -2.6499999999999999 3.9081249087973009 3203.2196443845273 .0000000000000000 3963802.3123919307
 -2.5999999999999996 4.0111657727193997 3233.4571401706016 .0000000000000000 4038677.5495390594
 -2.5499999999999998 4.0601898529136289 3258.4274229732850 .0000000000000000 4067559.0796603435
 -2.5000000000000000 4.0540818925680897 3255.9806737886265 .0000000000000000 4063443.9514449346
 -2.4499999999999997 4.0164759784931077 3233.0674993945154 .0000000000000000 4043518.1103567770
 -2.3999999999999999 3.9849895588634987 3219.7099178132785 .0000000000000000 4023631.6533254860
 -2.3499999999999996 3.9773525862696624 3230.1561989255938 .0000000000000000 4011503.3279231316
 -2.2999999999999998 3.9734858299526414 3245.3446193863356 .0000000000000000 4000338.0266220444
 -2.2500000000000000 3.9424258620849946 3237.9826979833556 .0000000000000000 3976973.1255106549
 -2.1999999999999997 3.8833386748020202 3207.5010306570744 .0000000000000000 3939529.2662243349
 -2.1499999999999999 3.8296005709087915 3182.5190806889595 .0000000000000000 3903711.7852126840
 -2.0999999999999996 3.8100713864170785 3186.8313584277162 .0000000000000000 3886507.5812884150
 -2.0499999999999998 3.8149803595998546 3209.6212529336112 .0000000000000000 3883677.4055355755
 -1.9999999999999998 3.8067798882493005 3217.8040741905879 .0000000000000000 3870385.2572847428
 -1.9499999999999997 3.7572664323861242 3193.4319698217269 .0000000000000000 3827518.3433529120
 -1.8999999999999999 3.6699380967078414 3149.8652586930807 .0000000000000000 3764724.3870748957
 -1.8499999999999999 3.5837465825884025 3117.4842235327819 .0000000000000000 3716768.6876502009
 -1.7999999999999998 3.5618752937690559 3120.8021504061558 .0000000000000000 3715604.0561262276
 -1.7499999999999998 3.6461534907974773 3160.6192018958409 .0000000000000000 3765250.1803153753
 -1.6999999999999997 3.8032854595384467 3212.8564245490365 .0000000000000000 3847513.0401559370
 -1.6499999999999999 3.9404963094410208 3247.3455117833778 .0000000000000000 3940965.5010051881
 -1.5999999999999999 3.9913963531603258 3246.7262254821317 .0000000000000000 4019263.1435236959
 -1.5499999999999998 3.9731884731272853 3216.3159877253174 .0000000000000000 4051691.4897824279
 -1.4999999999999998 3.9568330916274417 3189.0391844432506 .0000000000000000 4035767.3158866507
 -1.4499999999999997 3.9926738959869743 3206.5230542773297 .0000000000000000 4015133.3795931903
 -1.3999999999999999 4.0612456879468342 3270.4409178624446 .0000000000000000 4030747.5267696460
 -1.3499999999999999 4.0887748177484031 3320.4050219362916 .0000000000000000 4060750.7172801807
 -1.2999999999999998 4.0192767174867035 3289.0875423441130 .0000000000000000 4043480.0561492727
 -1.2499999999999998 3.8790576141432043 3183.9322914747877 .0000000000000000 3961639.9580383617
 -1.1999999999999997 3.7631007179513549 3093.4517980368446 .0000000000000000 3873894.9565365762
 -1.1499999999999997 3.7505992930019314 3102.2164428292181 .0000000000000000 3851248.7328410516
 -1.0999999999999999 3.8331778695820886 3206.8030816978567 .0000000000000000 3897821.0779235032
 -1.0499999999999998 3.9220887904051898 3317.7374839508493 .0000000000000000 3947193.0803646245
 -.99999999999999978 3.9209187376178383 3337.2674450381110 .0000000000000000 3927819.4418755355
 -.94999999999999973 3.7991370747031117 3239.0066405776361 .0000000000000000 3825728.6945620053
 -.89999999999999980 3.6141901251774207 3089.8822106687917 .0000000000000000 3702027.4849798726
 -.84999999999999976 3.4730515739847712 2999.8205566340844 .0000000000000000 3652789.8473409698
 -.79999999999999982 3.4599205085414115 3027.9457490314098 .0000000000000000 3714792.6059256163
 -.74999999999999978 3.5815761118281930 3129.2653305499803 .0000000000000000 3811253.8044208377
 -.69999999999999973 3.7791184939192806 3220.2108430397921 .0000000000000000 3852723.4009642326
 -.64999999999999980 3.9854414159360578 3286.9305160314466 .0000000000000000 3875820.5405272646
 -.59999999999999976 4.1445877527296737 3363.1360452088461 .0000000000000000 3979691.6276090681
 -.54999999999999971 4.1850242813496026 3407.0232969318126 .0000000000000000 4134090.7555165496
 -.49999999999999978 4.0498737964684324 3309.1442686596520 .0000000000000000 4172210.9913490945
 -.44999999999999973 3.8022029537926456 3071.3983545261071 .0000000000000000 4016872.2484684414
 -.39999999999999974 3.6454154595232113 2893.5598379722783 .0000000000000000 3832117.6295725894
 -.34999999999999976 3.7534754420276495 2986.3268637095189 .0000000000000000 3849087.6103907614
 -.29999999999999971 4.0724931369271840 3311.9691419171400 .0000000000000000 4063146.2453640057
 -.24999999999999972 4.3441220460512859 3593.3860482946347 .0000000000000000 4228977.0548982369
 -.19999999999999973 4.3445879942340735 3595.8300448467835 .0000000000000000 4159660.8773671999
 -.14999999999999974 4.0737981444738400 3341.1377861124470 .0000000000000000 3917406.4473506371
 -.99999999999999728E-001 3.7176432673297350 3043.6530910778456 .0000000000000000 3711964.2442168896
 -.49999999999999725E-001 3.4754764092875416 2900.8422973832685 .0000000000000000 3691475.5726142027
 .27755575615628914E-015 3.4277602401791349 2950.4164353347251 .0000000000000000 3814493.3838454559
 .50000000000000280E-001 3.5159100948784117 3075.5632462402891 .0000000000000000 3892020.1558877919
 .10000000000000028 3.6250949975080040 3142.8405576559398 .0000000000000000 3799277.5539015038
 .15000000000000030 3.7094502825823765 3158.6899702355272 .0000000000000000 3645937.1696866550
 .20000000000000029 3.8280423576973575 3255.2546048851905 .0000000000000000 3666164.8979260428
 .25000000000000028 4.0119907377677473 3470.8475074658504 .0000000000000000 3920336.7557643927
 .30000000000000027 4.1252543674177549 3598.5899716020263 .0000000000000000 4159363.4793160283
 .35000000000000031 3.9847149047358963 3394.7497571869294 .0000000000000000 4081161.8807406980
 .40000000000000030 3.6613914889172419 2962.7895893808486 .0000000000000000 3752425.0959921181
 .45000000000000029 3.5110411364781822 2747.7085416861992 .0000000000000000 3611711.2390928990
 .50000000000000033 3.7750805000463981 3018.3370158437710 .0000000000000000 3909122.6564986738
 .55000000000000027 4.2503270588513011 3499.3931216973483 .0000000000000000 4325490.4135736907
 .60000000000000031 4.5027472781240379 3692.5818010243142 .0000000000000000 4382139.1270693298
 .65000000000000036 4.3513281582942103 3463.2644523859371 .0000000000000000 4062275.7468153010
 .70000000000000029 4.0039637841883300 3123.6527616117469 .0000000000000000 3772866.7386391405
 .75000000000000033 3.7528704105899675 2995.6018850072619 .0000000000000000 3809522.1084241639
 .80000000000000027 3.6763862677427110 3070.6786716710180 .0000000000000000 4037836.5869223019
 .85000000000000031 3.6639078298381538 3119.6437516495193 .0000000000000000 4089512.7157237888
 .90000000000000036 3.6391675376289698 3039.1089077881643 .0000000000000000 3842388.4464097968
 .95000000000000029 3.6686499885471697 2995.3236045537628 .0000000000000000 3597097.5536572421
 1.0000000000000004 3.8295854251442414 3179.8647917086828 .0000000000000000 3678343.0192595874
 1.0500000000000003 4.0341397200325426 3501.5800741525122 .0000000000000000 4008507.3059618915
 1.1000000000000003 4.0602631702640535 3626.0865145738117 .0000000000000000 4184458.5080193058
 1.1500000000000004 3.7734916835051782 3324.1966188244091 .0000000000000000 3908756.6326148110
 1.2000000000000004 3.3200997873866323 2773.2948933814660 .0000000000000000 3362553.5227589738
 1.2500000000000004 3.0804986378658157 2486.6256724591526 .0000000000000000 3136544.0605882425
 1.3000000000000003 3.3258266797466147 2803.8329703358963 .0000000000000000 3591562.2154394477
 1.3500000000000003 3.8730882170343190 3419.6407951980304 .0000000000000000 4284585.7471619239
 1.4000000000000004 4.2270138387022262 3660.7285255525285 .0000000000000000 4407252.8968037274
 1.4500000000000004 4.1552609998543248 3329.1164764368159 .0000000000000000 3866965.6521469876
 1.5000000000000004 3.9497636609019748 2961.2302809076696 .0000000000000000 3446620.8144666255
 1.5500000000000003 3.9808626725590082 3087.3754196079594 .0000000000000000 3779819.6013549175
 1.6000000000000003 4.1546761176915901 3499.2099509025616 .0000000000000000 4512261.9604589986
 1.6500000000000004 4.0336684540530996 3479.3858926101025 .0000000000000000 4615579.7414560216
 1.7000000000000004 3.5114996262674620 2774.9510449555664 .0000000000000000 3694096.1001845798
 1.7500000000000004 3.1586056580538475 2162.1305503067479 .0000000000000000 2793766.7576095304
 1.8000000000000003 3.5892331252925014 2615.4811424529807 .0000000000000000 3198256.9101637793
 1.8500000000000003 4.4978460973121699 3850.1571056253574 .0000000000000000 4567822.8378434535
 1.9000000000000004 4.8025428311133771 4381.8300648504064 .0000000000000000 5155462.0761308940
 1.9500000000000004 3.9368051991260877 3381.2568648984820 .0000000000000000 3995424.7908659363
 2.0000000000000004 2.5076364388849197 1689.2226586013066 .0000000000000000 2054128.0670876042
 2.0500000000000003 1.4341453497649841 526.16023631681469 .0000000000000000 756227.85801432701
 2.1000000000000005 .96838644257313600 109.01674048088194 .0000000000000000 336997.73644455033
 2.1500000000000004 .83452927708076130 18.648295942409561 .0000000000000000 267495.89383917779
 2.2000000000000002 .80153866697324427 -.89231259442792443 .0000000000000000 249342.91556678337
 2.2500000000000004 .80494577585992122 -1.0827547246228106 .0000000000000000 248482.36001156847
 2.3000000000000003 .82520464813736272 .34963417990575829 .0000000000000000 250621.78996724289
 2.3500000000000005 .85426230575844131 -.99295372728061881E-001 .0000000000000000 249857.02540651732
 2.4000000000000004 .89261488238741671 .78407154662829340E-002 .0000000000000000 249993.78913021821
 2.4500000000000006 .93785905198676900 .42083309144692056E-001 .0000000000000000 250060.53554199371
 2.5000000000000004 .98671559728323721 -.21014443867693113E-001 .0000000000000000 249967.80240265955
 2.5500000000000003 1.0365106994320710 .32262264463695429E-002 .0000000000000000 250008.60867534671
 2.6000000000000005 1.0840397881786985 .28374168148557551E-002 .0000000000000000 250001.78753843150
 2.6500000000000004 1.1263132823600244 -.29049393716999226E-002 .0000000000000000 249996.82255627200
 2.7000000000000006 1.1607551295010179 .77832358747048570E-003 .0000000000000000 250001.61948034671
 2.7500000000000004 1.1851966136653385 .13912932140391172E-004 .0000000000000000 249999.59614801817
 2.8000000000000003 1.1981201524083287 -.30467479228867234E-003 .0000000000000000 249999.77228240456
 2.8500000000000005 1.1987280891741217 .19346029815013482E-003 .0000000000000000 250000.08014667215
 2.9000000000000004 1.1869781541266224 .24172255446144890E-004 .0000000000000000 249999.87379323135
 2.9500000000000006 1.1636021757674091 .57721943793209788E-004 .0000000000000000 250000.00592149483
 3.0000000000000004 1.1300543882410112 .59834728739078444E-004 .0000000000000000 250000.10243596401
 3.0500000000000003 1.0884209898748349 -.42926797050323951E-004 .0000000000000000 250000.20364931089
 3.1000000000000005 1.0412914852564419 -.98388890155577322E-004 .0000000000000000 250000.31585168120
 3.1500000000000004 .99159560385612022 -.13450939087708794E-003 .0000000000000000 250000.36766516129
 3.2000000000000006 .94242159049408691 -.13327997362315918E-003 .0000000000000000 250000.34178060439
 3.2500000000000004 .89682594586057696 -.80569412325400040E-004 .0000000000000000 250000.24351342866
 3.3000000000000003 .85764446338341349 .23283172157045452E-004 .0000000000000000 250000.11301168572
 3.3500000000000005 .82731503219699876 .14440946627642526E-003 .0000000000000000 249999.99659180030
 3.4000000000000004 .80772394883075060 .18925370482725368E-003 .0000000000000000 249999.93043640073
 3.4500000000000006 .80008796122016068 .10760077609165133E-003 .0000000000000000 249999.93809433200
 3.5000000000000004 .80488008685673440 -.33795188220141612E-004 .0000000000000000 250000.01034803758
 3.5500000000000003 .82180202448885964 -.13700217931206444E-003 .0000000000000000 250000.09829789287
 3.6000000000000005 .84980332619827970 -.18253092818987116E-003 .0000000000000000 250000.14446453200
 3.6500000000000004 .88714551937616426 -.20277521941711570E-003 .0000000000000000 250000.12465169906
 3.7000000000000006 .93150705342774354 -.20109368875903668E-003 .0000000000000000 250000.05595897592
 3.7500000000000004 .98012541444684453 -.16717191424219603E-003 .0000000000000000 249999.97792667546
 3.8000000000000007 1.0299731732273996 -.13215927876877672E-003 .0000000000000000 249999.93438768660
 3.8500000000000005 1.0779551677334047 -.13881087487336948E-003 .0000000000000000 249999.94522478236
 3.9000000000000004 1.1211000628770240 -.17498573242082799E-003 .0000000000000000 249999.98286257862
 3.9500000000000006 1.1567272934905912 -.18528025579045974E-003 .0000000000000000 249999.99865281049
 4.0000000000000009 1.1826021080154918 -.14345196454273668E-003 .0000000000000000 249999.97800908706
 4.0500000000000007 1.1970980645515064 -.83655014235740460E-004 .0000000000000000 249999.95406988109
 4.1000000000000005 1.1993352178129275 -.52262271231574956E-004 .0000000000000000 249999.96387275428
 4.1500000000000004 1.1892199928756033 -.43805499158261719E-004 .0000000000000000 250000.00521406360
 4.2000000000000002 1.1673766701567150 -.10945912443535507E-004 .0000000000000000 250000.04485500982
 4.2500000000000009 1.1350804713716591 .57882390536730551E-004 .0000000000000000 250000.05898838924
 4.3000000000000007 1.0942842177313985 .11478489183761548E-003 .0000000000000000 250000.05628522750
 4.3500000000000005 1.0476247824932410 .13010709853248647E-003 .0000000000000000 250000.06010198078
 4.4000000000000004 .99818063331533080 .13541604087972744E-003 .0000000000000000 250000.06832469371
 4.4500000000000002 .94900393634413627 .15698439208306224E-003 .0000000000000000 250000.05478083744
 4.5000000000000009 .90283222205920988 .17948427223892624E-003 .0000000000000000 250000.02590564726
 4.5500000000000007 .86228935093302406 .19359994348494967E-003 .0000000000000000 250000.01858170814
 4.6000000000000005 .83021232255279720 .19115802279632253E-003 .0000000000000000 250000.02924555886
 4.6500000000000004 .80931581641247019 .13137796302736219E-003 .0000000000000000 250000.02793465473
 4.7000000000000002 .80103715116403695 .13990048110091216E-004 .0000000000000000 250000.01881058814
 4.7500000000000009 .80456896844650239 -.69558396031561183E-004 .0000000000000000 250000.02242028835
 4.8000000000000007 .81724696775147954 -.59418358599605494E-004 .0000000000000000 250000.02715826119
 4.8500000000000005 .83607701795442735 -.13737156086776727E-004 .0000000000000000 250000.00769660290
 4.9000000000000004 .85887789426069494 .64198591230917127E-005 .0000000000000000 249999.98434626375
 4.9500000000000002 .88421457488854083 .59862643098881325E-005 .0000000000000000 249999.98292066471
 5.0000000000000009 .91078086403777636 .14476490864383457E-009 .0000000000000000 250000.00000000003
