 -5.0000000000000000 3.8571430000000002 3207.3613872897686 .0000000000000000 3916666.0931709171
 -4.9000000000000004 3.8573097404238155 3207.3978808623315 .0000000000000000 3916794.5497970781
 -4.7999999999999998 3.8574099703822409 3207.4217912831550 .0000000000000000 3916871.1076107961
 -4.7000000000000002 3.8570123864091013 3207.3401682319613 .0000000000000000 3916560.3401165903
 -4.5999999999999996 3.8549002611082441 3206.8738996724928 .0000000000000000 3914927.5699880891
 -4.5000000000000000 3.8491554468620492 3205.5972011430144 .0000000000000000 3910487.2360619800
 -4.4000000000000004 3.8414963584890707 3203.9219429552604 .0000000000000000 3904551.9725261992
 -4.2999999999999998 3.8417924759804025 3203.9494232000211 .0000000000000000 3904805.3968851417
 -4.2000000000000002 3.8572404656032093 3207.3095025147272 .0000000000000000 3916758.5563637502
 -4.0999999999999996 3.8732685597062568 3210.9552549763280 .0000000000000000 3929067.4294110909
 -4.0000000000000000 3.8642477305296024 3208.9320354532420 .0000000000000000 3922184.0085841520
 -3.8999999999999999 3.8395959380611022 3203.4079378202782 .0000000000000000 3903222.5410474222
 -3.7999999999999998 3.8517792501062909 3206.1270473128261 .0000000000000000 3912306.7414414384
 -3.6999999999999997 3.9239175092212712 3221.1020225546999 .0000000000000000 3967995.2338863909
 -3.6000000000000001 3.9955285219556544 3235.8079339208334 .0000000000000000 4023857.8078542426
 -3.5000000000000000 3.9786851136267694 3232.7131661124349 .0000000000000000 4011306.8204412530
 -3.3999999999999999 3.8645134506195387 3208.4732655666071 .0000000000000000 3923130.3841276192
 -3.2999999999999998 3.7611241387114238 3186.1731354576650 .0000000000000000 3842035.6413166048
 -3.1999999999999997 3.7924555782738123 3192.5375829647210 .0000000000000000 3865203.2909159171
 -3.1000000000000001 3.9413870933828048 3221.7141066050622 .0000000000000000 3982228.7181756785
 -3.0000000000000000 4.0587049454974311 3245.3456403089940 .0000000000000000 4074410.9496673075
 -2.8999999999999999 4.0446838981626376 3247.3612129438561 .0000000000000000 4060962.7437585527
 -2.7999999999999998 3.9340354147096721 3227.8346837105801 .0000000000000000 3973952.2437632158
 -2.6999999999999997 3.8072483764942455 3192.8425123277993 .0000000000000000 3879970.9211329767
 -2.5999999999999996 3.7176912900781769 3166.2748026773661 .0000000000000000 3813636.0322989132
 -2.5000000000000000 3.6831546018611725 3172.4878406079583 .0000000000000000 3779519.3158022151
 -2.3999999999999999 3.6769178362153010 3180.1608732172167 .0000000000000000 3767902.1528152172
 -2.2999999999999998 3.6914533521323993 3155.7844068307859 .0000000000000000 3796088.1178882178
 -2.1999999999999997 3.8033525484904231 3162.6949269649813 .0000000000000000 3896901.8680941896
 -2.0999999999999996 4.0202949035571951 3250.0255880092714 .0000000000000000 4029158.2180631054
 -1.9999999999999998 4.1445906069518363 3312.3649937367077 .0000000000000000 4099981.8779385886
 -1.8999999999999999 3.9984955527039654 3218.0949672082206 .0000000000000000 4055364.2073789975
 -1.7999999999999998 3.7118163666084665 3028.6776468981739 .0000000000000000 3914698.8739544721
 -1.6999999999999997 3.5883255173696633 2979.9266329931766 .0000000000000000 3817960.2322380650
 -1.5999999999999999 3.6305662453383634 3089.7118680145563 .0000000000000000 3819816.1438929839
 -1.4999999999999998 3.5564355820749602 3072.2975495621558 .0000000000000000 3734800.4728383478
 -1.3999999999999999 3.5079197497919283 3034.1726337954929 .0000000000000000 3665075.7847596896
 -1.2999999999999998 3.7926534184046403 3259.6181803626996 .0000000000000000 3837975.6074867500
 -1.1999999999999997 3.9729404444968170 3308.5607879050908 .0000000000000000 3905634.1180821746
 -1.0999999999999999 3.8156958596634762 3072.3571752003986 .0000000000000000 3889199.9556653211
 -.99999999999999978 3.8179713360466740 3057.0520353914558 .0000000000000000 3969713.9261242109
 -.89999999999999980 3.5163386498725910 2580.5414166825608 .0000000000000000 3068058.5856389659
 -.79999999999999982 2.2704934600457656 1165.9728291336155 .0000000000000000 1196094.6087184239
 -.69999999999999973 1.1553971331808881 133.31667273346591 .0000000000000000 214135.76520125224
 -.59999999999999976 .95655125755033643 20.837905794381474 .0000000000000000 274533.07037150045
 -.49999999999999978 .94547838581571653 37.982936984736511 .0000000000000000 287780.92368578189
 -.39999999999999974 .79980374599519888 -16.747320916869004 .0000000000000000 224558.67086894234
 -.29999999999999971 .78684052120564740 -1.9197904498907357 .0000000000000000 252076.47718964456
 -.19999999999999973 .84535062099877822 5.4318981319373716 .0000000000000000 255043.74256310245
 -.99999999999999728E-001 .90070346675976498 -2.5967754736936084 .0000000000000000 247088.85852740149
 .27755575615628914E-015 .99764148983539136 .17231657061784977E-001 .0000000000000000 250288.05986983728
 .10000000000000028 1.0983386454781805 .69843831930072564 .0000000000000000 250536.56481939016
 .20000000000000029 1.1674576956109117 -.37631902829831498 .0000000000000000 249694.26284311200
 .30000000000000027 1.1992011024906570 .27736261183730307E-001 .0000000000000000 250011.38233303957
 .40000000000000030 1.1821937809499781 .75167491222061428E-001 .0000000000000000 250067.35128389395
 .50000000000000033 1.1194901510294768 -.45713877063930194E-001 .0000000000000000 249960.25760447225
 .60000000000000031 1.0281742943317418 .64510857042143288E-002 .0000000000000000 250000.42416218677
 .70000000000000029 .92989107495458889 .97394115942555856E-002 .0000000000000000 250008.66147161418
 .80000000000000027 .84867460173702314 -.21522124433930425E-002 .0000000000000000 249997.31733862212
 .90000000000000036 .80459042452276242 .15263132072589882E-002 .0000000000000000 250004.16644020446
 1.0000000000000004 .80830752924465810 -.49145661780052637E-003 .0000000000000000 250004.31909945930
 1.1000000000000003 .85893781457608420 -.28448235042522487E-002 .0000000000000000 250001.47992016352
 1.2000000000000004 .94411402837669600 -.20004644399777092E-002 .0000000000000000 249999.94456076928
 1.3000000000000003 1.0429830782103888 -.60316412358764782E-003 .0000000000000000 249998.32422100718
 1.4000000000000004 1.1313470687394640 .68872921166038823E-003 .0000000000000000 249997.98969590320
 1.5000000000000004 1.1875589940997864 .82949321166135711E-003 .0000000000000000 249998.41466958760
 1.6000000000000003 1.1978337545801803 -.37296329545066147E-003 .0000000000000000 249998.52337494859
 1.7000000000000004 1.1596491566954812 -.94042669693070711E-003 .0000000000000000 249998.25549491434
 1.8000000000000003 1.0823707764357959 .18864012168270930E-003 .0000000000000000 249998.18111107161
 1.9000000000000004 .98494132407992774 .19695453459574875E-002 .0000000000000000 249999.13073122827
 2.0000000000000004 .89122115221409459 .29541214895485190E-002 .0000000000000000 250001.03616499581
 2.1000000000000005 .82414251680923978 .22485145448958841E-002 .0000000000000000 250002.68736432816
 2.2000000000000002 .80010720926531631 -.37096833437124687E-005 .0000000000000000 250003.25999368221
 2.3000000000000003 .82498992617041700 -.22608613180913379E-002 .0000000000000000 250002.68051823686
 2.4000000000000004 .89270978889750063 -.29705558192507147E-002 .0000000000000000 250001.01926274211
 2.5000000000000004 .98670750909764604 -.19555278471712046E-002 .0000000000000000 249999.10402604839
 2.6000000000000005 1.0839801873175388 -.13812745359761210E-003 .0000000000000000 249998.15511089007
 2.7000000000000006 1.1607064215743059 .91511439896996489E-003 .0000000000000000 249998.28725851321
 2.8000000000000003 1.1980841891450629 .24701536992174011E-003 .0000000000000000 249998.61857205271
 2.9000000000000004 1.1869433376959013 -.84992058008020630E-003 .0000000000000000 249998.41387074217
 3.0000000000000004 1.1300062377005453 -.47119982667437414E-003 .0000000000000000 249997.82066327785
 3.1000000000000005 1.0412399242871437 .99010535624973243E-003 .0000000000000000 249998.00987927231
 3.2000000000000006 .94241850729022003 .18378540515051485E-002 .0000000000000000 250000.04792395534
 3.3000000000000003 .85772283671773630 .14198433393113219E-002 .0000000000000000 250003.02056984950
 3.4000000000000004 .80781304862654579 -.30581999797267068E-004 .0000000000000000 250004.76180264977
 3.5000000000000004 .80490764724484576 -.17486509291246865E-002 .0000000000000000 250004.37532324219
 3.6000000000000005 .84984616195801976 -.25181963747682979E-002 .0000000000000000 250002.25892596901
 3.7000000000000006 .93163633477245067 -.18759168009757638E-002 .0000000000000000 249999.52382452381
 3.8000000000000007 1.0300030684202366 -.48420588738314188E-003 .0000000000000000 249997.90249433578
 3.9000000000000004 1.1208011691839697 .52874918077101894E-003 .0000000000000000 249998.02274565602
 4.0000000000000009 1.1823001879602089 .26671548774012216E-003 .0000000000000000 249998.79601364725
 4.1000000000000005 1.1997454024587946 -.72306969664639347E-003 .0000000000000000 249999.03823027731
 4.2000000000000002 1.1679919938348116 -.79769453920413625E-003 .0000000000000000 249998.50117310212
 4.3000000000000007 1.0938009514016225 .52139537851296838E-003 .0000000000000000 249997.94599387751
 4.4000000000000004 .99656891160146222 .22086268185767029E-002 .0000000000000000 249998.43604314528
 4.5000000000000009 .90310941226974040 .31389431065734757E-002 .0000000000000000 249999.76298294036
 4.6000000000000005 .83627530080886492 .29271684080415918E-002 .0000000000000000 250000.94552669625
 4.7000000000000002 .80541591807062862 .22821114143928090E-002 .0000000000000000 250001.83552630426
 4.8000000000000007 .80638255401629633 .17983392789598317E-002 .0000000000000000 250002.09319834714
 4.9000000000000004 .82837249009788094 .11116233783878050E-002 .0000000000000000 250001.37896561951
 5.0000000000000009 .86078043855087527 -.29593152179375182E-007 .0000000000000000 250000.00000000003
