 -5.0000000000000000 3.8571430000000002 3207.3613619119765 .0000000000000000 3916666.0931709171
 -4.9000000000000004 3.8573657496048113 3207.4103705627231 .0000000000000000 3916838.1409085435
 -4.7999999999999998 3.8575881728610413 3207.4594194400320 .0000000000000000 3917009.7649988742
 -4.7000000000000002 3.8575243860980084 3207.4499048734619 .0000000000000000 3916956.8326951982
 -4.5999999999999996 3.8562520685446318 3207.1745507992568 .0000000000000000 3915970.3452553488
 -4.5000000000000000 3.8516375700140943 3206.1467880035461 .0000000000000000 3912410.4098011008
 -4.4000000000000004 3.8435753677068552 3204.3804422902981 .0000000000000000 3906166.6417001467
 -4.2999999999999998 3.8399934313472355 3203.5850301916485 .0000000000000000 3903379.1494365023
 -4.2000000000000002 3.8510804062830970 3205.9353802878659 .0000000000000000 3911972.7166945324
 -4.0999999999999996 3.8697398944612265 3210.0954558178628 .0000000000000000 3926408.2274911688
 -4.0000000000000000 3.8700250009326034 3210.2589693778664 .0000000000000000 3926660.2516006795
 -3.8999999999999999 3.8462972940329463 3204.9433889462625 .0000000000000000 3908303.9457959314
 -3.7999999999999998 3.8414761075106383 3203.8875940509311 .0000000000000000 3904384.7233848642
 -3.6999999999999997 3.8965091060462171 3215.3752265704993 .0000000000000000 3947014.2069514175
 -3.6000000000000001 3.9776992608870700 3232.0793296860870 .0000000000000000 4010062.0008801990
 -3.5000000000000000 3.9963388438623726 3236.6437442988522 .0000000000000000 4024411.9128387100
 -3.3999999999999999 3.9082395425025371 3218.0476424133603 .0000000000000000 3956673.4932402726
 -3.2999999999999998 3.7857668043135706 3190.7275176354633 .0000000000000000 3862236.0462770290
 -3.1999999999999997 3.7665197731284721 3187.0960021783731 .0000000000000000 3845848.2472241148
 -3.1000000000000001 3.8902646049931415 3213.5236863925056 .0000000000000000 3940744.5887115630
 -3.0000000000000000 4.0322373915624690 3240.7065020591117 .0000000000000000 4052888.7769853827
 -2.8999999999999999 4.0573672428176621 3245.1897976435243 .0000000000000000 4073914.8454133212
 -2.7999999999999998 3.9700838502968692 3231.3287040925352 .0000000000000000 4003631.5988272056
 -2.6999999999999997 3.8561172681604692 3211.5156900532456 .0000000000000000 3912846.6891008690
 -2.5999999999999996 3.7576514640158956 3184.4497902920134 .0000000000000000 3840443.0314136036
 -2.5000000000000000 3.6789817645964815 3156.4453892330780 .0000000000000000 3784738.0397677300
 -2.3999999999999999 3.6534012836556378 3159.2590148242389 .0000000000000000 3759002.1645405618
 -2.2999999999999998 3.7036832075182873 3187.0566330792230 .0000000000000000 3787818.9641827354
 -2.1999999999999997 3.7939083400394757 3188.8530577898582 .0000000000000000 3869028.6277707047
 -2.0999999999999996 3.9090837480321130 3187.4132889277289 .0000000000000000 3978734.1014049645
 -1.9999999999999998 4.0534900934447977 3245.8221433590056 .0000000000000000 4070306.2663490935
 -1.8999999999999999 4.1231757110978027 3300.5854142092880 .0000000000000000 4083837.1091188397
 -1.7999999999999998 3.9872278646720143 3234.6632941458952 .0000000000000000 4013280.7631709101
 -1.6999999999999997 3.7102593562622479 3070.9394831868099 .0000000000000000 3894193.9556632051
 -1.5999999999999999 3.5203766970105539 2967.1061194745898 .0000000000000000 3771574.1430300670
 -1.4999999999999998 3.5147199819813748 3017.2638519873317 .0000000000000000 3727303.7947922675
 -1.3999999999999999 3.5278775939487850 3070.7448215723534 .0000000000000000 3729764.1417225688
 -1.2999999999999998 3.5394582424586560 3054.6772851913252 .0000000000000000 3716522.9177420130
 -1.1999999999999997 3.8096474354750800 3214.0345199363373 .0000000000000000 3857325.7202982199
 -1.0999999999999999 4.0967100232081313 3367.7227436079311 .0000000000000000 4030396.2448680899
 -.99999999999999978 3.9488361477103706 3141.5314985284863 .0000000000000000 3955633.8383553857
 -.89999999999999980 3.8671968753608748 3073.0752591673054 .0000000000000000 4015050.3978741677
 -.79999999999999982 3.9955155379270431 3176.4856271607309 .0000000000000000 3887468.1852465142
 -.69999999999999973 3.2081947893941756 2278.2742125779923 .0000000000000000 2498864.2619980499
 -.59999999999999976 1.6593918885790606 742.17302207791727 .0000000000000000 763479.88835150655
 -.49999999999999978 .86740107856918558 49.292425385482296 .0000000000000000 212032.02533940191
 -.39999999999999974 .87079173088262563 53.249043366308150 .0000000000000000 305035.06808134232
 -.29999999999999971 .83729729713419165 17.571994418250068 .0000000000000000 259601.57361797779
 -.19999999999999973 .80052195891063949 -17.327525064029125 .0000000000000000 230625.42976298084
 -.99999999999999728E-001 .90820370502741510 4.6649601048667826 .0000000000000000 257045.42929116529
 .27755575615628914E-015 1.0078761538906891 1.9173453109917107 .0000000000000000 251192.36703841784
 .10000000000000028 1.0897389845038146 -2.3506408289792038 .0000000000000000 247703.52031727839
 .20000000000000029 1.1693993054657645 .83476575865901526 .0000000000000000 250947.48177043875
 .30000000000000027 1.2007490100554827 .20623700175215653 .0000000000000000 250093.23592243751
 .40000000000000030 1.1806800443227732 -.34351027961747005 .0000000000000000 249715.14585682054
 .50000000000000033 1.1199314376761482 .13074567904837409 .0000000000000000 250118.05832826751
 .60000000000000031 1.0283436415822726 .22123626669698374E-001 .0000000000000000 250011.95146555715
 .70000000000000029 .92966834492288286 -.44732302115250533E-001 .0000000000000000 249961.47009994468
 .80000000000000027 .84875773165207202 .19410183285410658E-001 .0000000000000000 250017.20536974084
 .90000000000000036 .80460465334552700 .28533166931272681E-002 .0000000000000000 250005.70804646448
 1.0000000000000004 .80828419792262218 -.61667463439751442E-002 .0000000000000000 249997.56478926161
 1.1000000000000003 .85895088823105992 .90759916352108993E-003 .0000000000000000 250003.41950247978
 1.2000000000000004 .94411233282097662 -.53109846275793053E-003 .0000000000000000 250000.07421967597
 1.3000000000000003 1.0429786789448563 -.77858228797703360E-003 .0000000000000000 249997.73408756652
 1.4000000000000004 1.1313471929371410 .69308869425850053E-003 .0000000000000000 249998.66515911202
 1.5000000000000004 1.1875588115242754 .51485490078238274E-003 .0000000000000000 249999.06361226283
 1.6000000000000003 1.1978339185372056 -.30317594644625105E-003 .0000000000000000 249999.11747673963
 1.7000000000000004 1.1596483825954758 -.56234197824265816E-003 .0000000000000000 249998.76447726871
 1.8000000000000003 1.0823684905161317 .22948995275457089E-004 .0000000000000000 249998.38532584283
 1.9000000000000004 .98493924322498050 .10540964902663221E-002 .0000000000000000 249999.04699733490
 2.0000000000000004 .89122127706021304 .17874963927970715E-002 .0000000000000000 250000.69934518260
 2.1000000000000005 .82414537328697912 .14749957012204779E-002 .0000000000000000 250002.16826040036
 2.2000000000000002 .80011121003264984 -.64905542060497694E-005 .0000000000000000 250002.69096983591
 2.3000000000000003 .82499271976547706 -.14866574923006260E-002 .0000000000000000 250002.18450988643
 2.4000000000000004 .89271003163208806 -.17848476153471476E-002 .0000000000000000 250000.68719730509
 2.5000000000000004 .98670544611552136 -.10334404150169148E-002 .0000000000000000 249999.01348530254
 2.6000000000000005 1.0839775735170261 -.46628140962116117E-005 .0000000000000000 249998.37915873827
 2.7000000000000006 1.1607056109814520 .50407311711768465E-003 .0000000000000000 249998.82064048108
 2.8000000000000003 1.1980853278361814 .13088983618303644E-003 .0000000000000000 249999.26559112867
 2.9000000000000004 1.1869431062955940 -.34282700824793123E-003 .0000000000000000 249998.90558429036
 3.0000000000000004 1.1300029456308687 -.12707013585297390E-003 .0000000000000000 249998.13338225542
 3.1000000000000005 1.0412382174088233 .21927165519888413E-003 .0000000000000000 249998.33672063865
 3.2000000000000006 .94242213048684542 .12025275685438664E-003 .0000000000000000 250000.33833876412
 3.3000000000000003 .85772551704991928 -.84947378710659984E-004 .0000000000000000 250002.87054909818
 3.4000000000000004 .80780900764153574 -.35485518433502761E-003 .0000000000000000 250003.94799443363
 3.5000000000000004 .80490694578732658 -.79894679193423654E-003 .0000000000000000 250003.23096993935
 3.6000000000000005 .84985808754538206 -.92262474430855645E-003 .0000000000000000 250001.38218354870
 3.7000000000000006 .93164279473119760 -.57783284601378823E-003 .0000000000000000 249999.28902173182
 3.8000000000000007 1.0299839561911950 -.17374459588792609E-003 .0000000000000000 249998.27643088141
 3.9000000000000004 1.1207823848340412 .21440107994502878E-004 .0000000000000000 249998.69478763646
 4.0000000000000009 1.1823223569317027 -.16479503778786230E-003 .0000000000000000 249999.44124899895
 4.1000000000000005 1.1997821509642015 -.47921187879106081E-003 .0000000000000000 249999.50712127940
 4.2000000000000002 1.1679743067633008 -.22845153898822887E-003 .0000000000000000 249998.77543970814
 4.3000000000000007 1.0937392498083671 .67567994696598078E-003 .0000000000000000 249997.96129072999
 4.4000000000000004 .99655966586759004 .17012017711897469E-002 .0000000000000000 249998.07837092006
 4.5000000000000009 .90318732307003469 .22946509137469553E-002 .0000000000000000 249999.07496073673
 4.6000000000000005 .83635566120129023 .21809705833561203E-002 .0000000000000000 250000.22510128512
 4.7000000000000002 .80542126160499650 .19153152040710367E-002 .0000000000000000 250001.44202126702
 4.8000000000000007 .80632866405762560 .18258555732602242E-002 .0000000000000000 250002.11305399681
 4.9000000000000004 .82832003821029754 .12783120591768446E-002 .0000000000000000 250001.55422020517
 5.0000000000000009 .86078043855087527 -.29714461550347642E-007 .0000000000000000 250000.00000000003
