 -5.0000000000000000 3.8571430000000002 3207.1352398439067 .0000000000000000 3916666.0931709171
 -4.9500000000000002 3.8572266482150179 3207.2535313157855 .0000000000000000 3916775.8996407208
 -4.9000000000000004 3.8574649092233333 3207.4701851887094 .0000000000000000 3917023.2613439839
 -4.8499999999999996 3.8575976555550877 3207.4715316208849 .0000000000000000 3917082.9181861696
 -4.7999999999999998 3.8566635548746140 3206.3739862149314 .0000000000000000 3915946.1922134263
 -4.7500000000000000 3.8555609037791103 3205.5556566866289 .0000000000000000 3914940.5844841478
 -4.7000000000000002 3.8577548633059515 3208.1625808325321 .0000000000000000 3917619.4072923604
 -4.6500000000000004 3.8598464807513295 3209.5037817888956 .0000000000000000 3919434.6902752686
 -4.5999999999999996 3.8549472524943549 3204.2918575268704 .0000000000000000 3914051.1733156969
 -4.5499999999999998 3.8524373138927821 3203.8112549670659 .0000000000000000 3912498.4366187900
 -4.5000000000000000 3.8632444016933363 3214.2060249415445 .0000000000000000 3923371.7084720135
 -4.4500000000000002 3.8658748181451488 3212.2705765367891 .0000000000000000 3923917.2525640298
 -4.4000000000000004 3.8437595671276528 3192.6431118093883 .0000000000000000 3903053.2654363918
 -4.3499999999999996 3.8402833804726701 3198.5166356869977 .0000000000000000 3903038.8956776056
 -4.2999999999999998 3.8831182273635183 3234.4576389233639 .0000000000000000 3941716.5932222055
 -4.2500000000000000 3.8931967335043387 3224.9565474279416 .0000000000000000 3946166.6184096895
 -4.2000000000000002 3.8146654689020743 3159.0739188967204 .0000000000000000 3875884.3477119897
 -4.1500000000000004 3.7765119531917253 3163.1216071753729 .0000000000000000 3848719.3038039100
 -4.0999999999999996 3.9094335724914879 3281.6360155097577 .0000000000000000 3971208.6882902482
 -4.0499999999999998 4.0562483788041979 3317.5793894074213 .0000000000000000 4084257.0994271869
 -4.0000000000000000 3.9625047932032560 3131.8999038820475 .0000000000000000 3964938.5100855855
 -3.9499999999999997 3.7373352802674442 2998.2634685661778 .0000000000000000 3788301.9425204112
 -3.8999999999999999 3.7267156124573821 3246.9676483086787 .0000000000000000 3892453.4292451050
 -3.8500000000000001 3.8776126376205298 3570.9862402781746 .0000000000000000 4053324.7307083481
 -3.7999999999999998 3.7522483935466657 3315.7038496506066 .0000000000000000 3732826.7736063236
 -3.7500000000000000 3.3609313596312131 2634.0487271670495 .0000000000000000 3167858.0534111178
 -3.6999999999999997 3.3579627608109988 2568.9239791354230 .0000000000000000 3380735.5035290723
 -3.6499999999999999 3.9897780496335504 3446.5637646617606 .0000000000000000 4545462.5919846436
 -3.6000000000000001 4.4451336883377230 4008.7187406441130 .0000000000000000 5111913.1480718572
 -3.5499999999999998 3.8950786550644518 3126.0668896571101 .0000000000000000 3841106.2201109282
 -3.5000000000000000 2.6715515234666687 1489.2530314556641 .0000000000000000 1782189.1488255668
 -3.4499999999999997 1.7021773177542348 407.38080905732227 .0000000000000000 577301.61677618080
 -3.3999999999999999 1.3042261196836413 74.582945953693596 .0000000000000000 297997.50125052390
 -3.3500000000000001 1.1945006202001525 13.342718010925802 .0000000000000000 263800.79495004489
 -3.2999999999999998 1.1426416405223472 -2.6329285364815829 .0000000000000000 246000.10268014687
 -3.2500000000000000 1.1015876566217335 -.66775613248321330 .0000000000000000 249463.04134200717
 -3.1999999999999997 1.0579429788921819 .47457766360212128 .0000000000000000 250726.92827218835
 -3.1499999999999999 1.0082540270537721 -.28960017490662671 .0000000000000000 249586.93381383471
 -3.1000000000000001 .95873320013151486 .91926092236999837E-001 .0000000000000000 250164.01876538878
 -3.0499999999999998 .91168582426174438 .62396430612706999E-001 .0000000000000000 250020.13712571797
 -3.0000000000000000 .86985083843869704 -.62904933606409627E-001 .0000000000000000 249941.61750329094
 -2.9499999999999997 .83641390424348216 .18130183500314503E-001 .0000000000000000 250031.35602839911
 -2.8999999999999999 .81304869098198396 .87874208711462964E-002 .0000000000000000 249997.15403348452
 -2.8500000000000001 .80124770356667330 -.10046442408364532E-001 .0000000000000000 249993.43066523073
 -2.7999999999999998 .80188254939442694 .30236575580898303E-002 .0000000000000000 250003.56374026724
 -2.7500000000000000 .81481005318186783 .87115094133829367E-003 .0000000000000000 249999.77089503544
 -2.6999999999999997 .83923811104908475 -.13203216062033715E-002 .0000000000000000 249999.18745180173
 -2.6499999999999999 .87367819759064547 .42590363514250824E-003 .0000000000000000 250000.20315290234
 -2.5999999999999996 .91596803138734051 -.16078734261802609E-004 .0000000000000000 250000.08815337636
 -2.5499999999999998 .96347948866048605 -.20013423737965828E-003 .0000000000000000 249999.92429947108
 -2.5000000000000000 1.0132642950626665 -.20196703942174057E-004 .0000000000000000 250000.04474708618
 -2.4499999999999997 1.0622238569534455 -.42302215345835012E-004 .0000000000000000 250000.09162005089
 -2.3999999999999999 1.1073143290867780 .17990278671720064E-004 .0000000000000000 250000.05518497294
 -2.3499999999999996 1.1457329743046145 .52183335969596231E-004 .0000000000000000 250000.06283655346
 -2.2999999999999998 1.1750905069660686 .38941297955984191E-004 .0000000000000000 250000.05580351449
 -2.2500000000000000 1.1935616542339509 .26242327209718210E-004 .0000000000000000 250000.03212927005
 -2.1999999999999997 1.1999981183856689 .11958564719576195E-005 .0000000000000000 250000.02752149684
 -2.1499999999999999 1.1939996473108958 -.25306068826985657E-004 .0000000000000000 250000.03474563200
 -2.0999999999999996 1.1759391954211820 -.42486108973096029E-004 .0000000000000000 250000.04895672674
 -2.0499999999999998 1.1469396654339290 -.45500994775197988E-004 .0000000000000000 250000.06522677228
 -1.9999999999999998 1.1088040863543562 -.23299029874522193E-004 .0000000000000000 250000.07015032193
 -1.9499999999999997 1.0639036214253301 .26159829704301718E-004 .0000000000000000 250000.06055560985
 -1.8999999999999999 1.0150300960427199 .77812562670647400E-004 .0000000000000000 250000.04416317612
 -1.8499999999999999 .96522219629484518 .88743347648818045E-004 .0000000000000000 250000.02242988872
 -1.7999999999999998 .91757647896162542 .51559777567813203E-004 .0000000000000000 249999.98941132077
 -1.7499999999999998 .87505518843661112 .23836567258841347E-004 .0000000000000000 249999.94874023131
 -1.6999999999999997 .84030236949892001 .53769236278683298E-004 .0000000000000000 249999.91547934100
 -1.6499999999999999 .81547911918137472 .92831723985992582E-004 .0000000000000000 249999.89942759572
 -1.5999999999999999 .80212866349732803 .55849037464591318E-004 .0000000000000000 249999.89637322249
 -1.5499999999999998 .80108059728104208 -.41327691904329044E-004 .0000000000000000 249999.89644672832
 -1.4999999999999998 .81240002709777692 -.93901859923374228E-004 .0000000000000000 249999.89850228524
 -1.4499999999999997 .83538361402355044 -.62884759751415470E-004 .0000000000000000 249999.91178693884
 -1.3999999999999999 .86860261106131764 -.24283028947248781E-004 .0000000000000000 249999.94238229655
 -1.3499999999999999 .90999134517441238 -.43095199458470641E-004 .0000000000000000 249999.98277909984
 -1.2999999999999998 .95697613066769827 -.84553387262523375E-004 .0000000000000000 250000.01772294161
 -1.2499999999999998 1.0066357505604553 -.83781947171710492E-004 .0000000000000000 250000.04096942249
 -1.1999999999999997 1.0558828825434534 -.36125211420153402E-004 .0000000000000000 250000.05792928321
 -1.1499999999999997 1.1016556582585788 .16417317977131088E-004 .0000000000000000 250000.06910107634
 -1.0999999999999999 1.1411080275318588 .43789879697511041E-004 .0000000000000000 250000.06708406855
 -1.0499999999999998 1.1717869366690696 .44502141738058527E-004 .0000000000000000 250000.05225933879
 -.99999999999999978 1.1917849225956318 .28297633856233174E-004 .0000000000000000 250000.03593456134
 -.94999999999999973 1.1998586343432136 .39324095928292265E-005 .0000000000000000 250000.02822384221
 -.89999999999999980 1.1955060953793550 -.21494938037789705E-004 .0000000000000000 250000.03242918506
 -.84999999999999976 1.1789979217457636 -.40986484490434761E-004 .0000000000000000 250000.04688389684
 -.79999999999999982 1.1513604905820014 -.46391247689928264E-004 .0000000000000000 250000.06362445373
 -.74999999999999978 1.1143121440623112 -.27811129426335956E-004 .0000000000000000 250000.07028130235
 -.69999999999999973 1.0701564304715190 .18717084432782825E-004 .0000000000000000 250000.06212610938
 -.64999999999999980 1.0216388732956152 .72944431425915187E-004 .0000000000000000 250000.04605463022
 -.59999999999999976 .97177606386701165 .91515067880788088E-004 .0000000000000000 250000.02540012728
 -.54999999999999971 .92366798886546742 .57866670615740908E-004 .0000000000000000 249999.99415693345
 -.49999999999999978 .88030559056021562 .23154920678069972E-004 .0000000000000000 249999.95384265311
 -.44999999999999973 .84438515942876591 .45314085783844146E-004 .0000000000000000 249999.91905183790
 -.39999999999999974 .81814042822644484 .89824550682169690E-004 .0000000000000000 249999.90112751198
 -.34999999999999976 .80320308445304367 .66059239495959413E-004 .0000000000000000 249999.89737070317
 -.29999999999999971 .80050137977823910 -.28882740158040356E-004 .0000000000000000 249999.89756741634
 -.24999999999999972 .81020314661921600 -.92619061661629228E-004 .0000000000000000 249999.89877361865
 -.19999999999999973 .83170559600635996 -.68697418369309028E-004 .0000000000000000 249999.90961260017
 -.14999999999999974 .86367214302917017 -.24240251964449706E-004 .0000000000000000 249999.93755832579
 -.99999999999999728E-001 .90411503816611283 -.36044875759775499E-004 .0000000000000000 249999.97713408963
 -.49999999999999725E-001 .95051936351095578 -.80629162249167799E-004 .0000000000000000 250000.01332753521
 .27755575615628914E-015 .99999993730586567 -.88254898863258929E-004 .0000000000000000 250000.03779007625
 .50000000000000280E-001 1.0494805770077416 -.44436448811105365E-004 .0000000000000000 250000.05524200620
 .10000000000000028 1.0958849340978201 .10330898689934156E-004 .0000000000000000 250000.06783591906
 .15000000000000030 1.1363277000310090 .41757157063741733E-004 .0000000000000000 250000.06817000158
 .20000000000000029 1.1682942283201829 .45536881579633756E-004 .0000000000000000 250000.05461076420
 .25000000000000028 1.1897969890519748 .31078268058186423E-004 .0000000000000000 250000.03773827761
 .30000000000000027 1.1994990734495352 .73849948165122900E-005 .0000000000000000 250000.02856583477
 .35000000000000031 1.1967972625098973 -.18317410507018499E-004 .0000000000000000 250000.03116985626
 .40000000000000030 1.1818595396605200 -.38986005116498882E-004 .0000000000000000 250000.04456016840
 .45000000000000029 1.1556146421269842 -.46725241739980610E-004 .0000000000000000 250000.06174050784
 .50000000000000033 1.1196943254488110 -.31785657301862632E-004 .0000000000000000 250000.07011408478
 .55000000000000027 1.0763319869522994 .11786847318459911E-004 .0000000000000000 250000.06317268283
 .60000000000000031 1.0282238245486888 .68036795974550104E-004 .0000000000000000 250000.04738106678
 .65000000000000036 .97836101073942328 .93824846652134985E-004 .0000000000000000 250000.02773289854
 .70000000000000029 .92984355156911525 .63860364400065097E-004 .0000000000000000 249999.99838827879
 .75000000000000033 .88568779715791535 .22254789676383095E-004 .0000000000000000 249999.95891560032
 .80000000000000027 .84863931106806845 .35878327129453013E-004 .0000000000000000 249999.92312832424
 .85000000000000031 .82100199577785937 .84922287327699201E-004 .0000000000000000 249999.90363678776
 .90000000000000036 .80449420562363005 .74946871234159439E-004 .0000000000000000 249999.89927627245
 .95000000000000029 .80014183602971944 -.15830279158225649E-004 .0000000000000000 249999.89961717767
 1.0000000000000004 .80821526248496833 -.89528320932999469E-004 .0000000000000000 249999.89994350812
 1.0500000000000003 .82821290148010251 -.73213390113013242E-004 .0000000000000000 249999.90814877162
 1.1000000000000003 .85889179660806569 -.23800891098208591E-004 .0000000000000000 249999.93300659684
 1.1500000000000004 .89834431527395742 -.28669676935075231E-004 .0000000000000000 249999.97122295675
 1.2000000000000004 .94411708207766709 -.76126756249794499E-004 .0000000000000000 250000.00836545342
 1.2500000000000004 .99336412585082601 -.92413632912073294E-004 .0000000000000000 250000.03404315573
 1.3000000000000003 1.0430237872177606 -.53040469524469936E-004 .0000000000000000 250000.05203572439
 1.3500000000000003 1.0900086251755283 .36057941107411880E-005 .0000000000000000 250000.06608773783
 1.4000000000000004 1.1313972524992735 .39143221537594538E-004 .0000000000000000 250000.06893716825
 1.4500000000000004 1.1646161996793234 .46213108140277175E-004 .0000000000000000 250000.05690526502
 1.5000000000000004 1.1876000576077779 .33694748013977256E-004 .0000000000000000 250000.03967759659
 1.5500000000000003 1.1989198312667138 .10805979800523039E-004 .0000000000000000 250000.02911438199
 1.6000000000000003 1.1978717234484928 -.15056864422881553E-004 .0000000000000000 250000.03010106931
 1.6500000000000004 1.1845208999170462 -.36749142257596650E-004 .0000000000000000 250000.04230361563
 1.7000000000000004 1.1596974355132392 -.46607668241301022E-004 .0000000000000000 250000.05968851649
 1.7500000000000004 1.1249447033100528 -.35133714158147357E-004 .0000000000000000 250000.06956636169
 1.8000000000000003 1.0824234905945518 .53676330064992359E-005 .0000000000000000 250000.06375526087
 1.8500000000000003 1.0347776987159376 .63147451818366775E-004 .0000000000000000 250000.04817280438
 1.9000000000000004 .98496978592853723 .95722091299368513E-004 .0000000000000000 250000.02941463448
 1.9500000000000004 .93609636669005647 .69545789140510098E-004 .0000000000000000 250000.00205738135
 2.0000000000000004 .89119588115402715 .21206132161315376E-004 .0000000000000000 249999.96387007277
 2.0500000000000003 .85306013988834317 .25607728271398598E-004 .0000000000000000 249999.92762548421
 2.1000000000000005 .82406067149938378 .78172817192446155E-004 .0000000000000000 249999.90690172350
 2.1500000000000004 .80600060595156087 .82339269577236523E-004 .0000000000000000 249999.90205452760
 2.2000000000000002 .80000236176048034 -.24175106457628842E-005 .0000000000000000 249999.90257305381
 2.2500000000000004 .80643856298569694 -.84728998965981272E-004 .0000000000000000 249999.90201130963
 2.3000000000000003 .82490937619081350 -.76391214400157073E-004 .0000000000000000 249999.90743746451
 2.3500000000000005 .85426683594238517 -.22935118734988638E-004 .0000000000000000 249999.92881500057
 2.4000000000000004 .89268553107394621 -.20979352024831441E-004 .0000000000000000 249999.96513736952
 2.4500000000000006 .93777633610187794 -.71009070664725208E-004 .0000000000000000 250000.00288815179
 2.5000000000000004 .98673562320334951 -.96160375333336975E-004 .0000000000000000 250000.02974682167
 2.5500000000000003 1.0365196233321454 -.61856302804715830E-004 .0000000000000000 250000.04831387330
 2.6000000000000005 1.0840332024724184 -.37407556343562295E-005 .0000000000000000 250000.06384003049
 2.6500000000000004 1.1263221142519544 .35927332834730280E-004 .0000000000000000 250000.06935707401
 2.7000000000000006 1.1607569008670637 .46503934387747621E-004 .0000000000000000 250000.05911786895
 2.7500000000000004 1.1851965472934960 .36115249178653245E-004 .0000000000000000 250000.04171757458
 2.8000000000000003 1.1981215454776351 .14175747665536374E-004 .0000000000000000 250000.02984900365
 2.8500000000000005 1.1987282954406717 -.11711006365292510E-004 .0000000000000000 250000.02929479841
 2.9000000000000004 1.1869790724959268 -.34362284082005885E-004 .0000000000000000 250000.04021566987
 2.9500000000000006 1.1636043744241973 -.46329027966330731E-004 .0000000000000000 250000.05750348882
 3.0000000000000004 1.1300574965737982 -.38344697553822265E-004 .0000000000000000 250000.06908365802
 3.0500000000000003 1.0884242399746060 -.17063675526613294E-005 .0000000000000000 250000.06553807261
 3.1000000000000005 1.0412932875795262 .55374738729083637E-004 .0000000000000000 250000.05109321180
 3.1500000000000004 .99159510739709333 .93457574194972910E-004 .0000000000000000 250000.03294977063
 3.2000000000000006 .94241952521122951 .74823320494542023E-004 .0000000000000000 250000.00695247305
 3.2500000000000004 .89682375730057573 .26648664200572421E-004 .0000000000000000 249999.96961300742
 3.3000000000000003 .85764278483626100 .23612670667001732E-004 .0000000000000000 249999.93184991830
 3.3500000000000005 .82731310780252332 .74192757395061270E-004 .0000000000000000 249999.90788373532
 3.4000000000000004 .80772063177241049 .88410400976143784E-004 .0000000000000000 249999.90040759408
 3.4500000000000006 .80008310328538812 .12278341154904333E-004 .0000000000000000 249999.90031877803
 3.5000000000000004 .80487501276165307 -.77071731987144449E-004 .0000000000000000 249999.89993234872
 3.5500000000000003 .82179868932018951 -.83300783236702280E-004 .0000000000000000 249999.90443561567
 3.6000000000000005 .84980237044697515 -.33211580801898320E-004 .0000000000000000 249999.92429599341
 3.6500000000000004 .88714487723919910 -.21988981812129922E-004 .0000000000000000 249999.96025013513
 3.7000000000000006 .93150407497595422 -.65412417909627033E-004 .0000000000000000 249999.99941093914
 3.7500000000000004 .98012176747442115 -.94352359527487690E-004 .0000000000000000 250000.02826201302
 3.8000000000000007 1.0299752051550948 -.66731568675991004E-004 .0000000000000000 250000.04766004160
 3.8500000000000005 1.0779651714606377 -.10077119548672391E-004 .0000000000000000 250000.06331251728
 3.9000000000000004 1.1211081341150602 .32824375324498575E-004 .0000000000000000 250000.07000113526
 3.9500000000000006 1.1567205611305080 .46847016015697971E-004 .0000000000000000 250000.06134038931
 4.0000000000000009 1.1825883478544710 .38029163470404359E-004 .0000000000000000 250000.04387439985
 4.0500000000000007 1.1971058777939583 .17376903603435211E-004 .0000000000000000 250000.03062065324
 4.1000000000000005 1.1993675319155364 -.71147137574140836E-005 .0000000000000000 250000.02896492803
 4.1500000000000004 1.1892278407114907 -.32392885913468437E-004 .0000000000000000 250000.03870587001
 4.2000000000000002 1.1673297262378257 -.49292367508800317E-004 .0000000000000000 250000.05494951157
 4.2500000000000009 1.1350378633039486 -.39376831489751052E-004 .0000000000000000 250000.06913107628
 4.3000000000000007 1.0943242030936382 -.61637407752251695E-005 .0000000000000000 250000.07305616370
 4.3500000000000005 1.0477366847699208 .16727821878362335E-004 .0000000000000000 250000.07137179619
 4.4000000000000004 .99825391915692241 .25672668009242049E-004 .0000000000000000 250000.08349006448
 4.4500000000000002 .94886351238130373 .55277812651507827E-004 .0000000000000000 250000.09410838169
 4.5000000000000009 .90247807321041151 .95807483931360140E-004 .0000000000000000 250000.01331260899
 4.5500000000000007 .86226743875660483 .13768761393638055E-003 .0000000000000000 249999.81997078165
 4.6000000000000005 .83099629273452902 .25391279348634295E-003 .0000000000000000 249999.70351812273
 4.6500000000000004 .80986785044881804 .34937495343737528E-003 .0000000000000000 249999.78346484608
 4.7000000000000002 .79982057182391564 .79333483468681221E-004 .0000000000000000 249999.89354889313
 4.7500000000000009 .80329131931153397 -.49386386465714068E-003 .0000000000000000 249999.98524868459
 4.8000000000000007 .82068619657392294 -.74974440031734893E-003 .0000000000000000 250000.11748897389
 4.8500000000000005 .84592833722404281 -.49287623494446010E-003 .0000000000000000 250000.14070677312
 4.9000000000000004 .87095948366489684 -.14360552405718701E-003 .0000000000000000 250000.08212912825
 4.9500000000000002 .89247303055050364 .19562502517006712E-004 .0000000000000000 250000.04242223405
 5.0000000000000009 .91078086403777636 .29381635677423518E-010 .0000000000000000 250000.00000000003
