 -5.0000000000000000 3.8571430000000002 3207.1351350707678 .0000000000000000 3916666.0931709171
 -4.9500000000000002 3.8573065356005998 3207.2116396283468 .0000000000000000 3916795.3726103501
 -4.9000000000000004 3.8575061273781199 3207.2525035703552 .0000000000000000 3916947.0064396658
 -4.8499999999999996 3.8574554066700526 3207.0151743958554 .0000000000000000 3916869.3575063944
 -4.7999999999999998 3.8566031339580165 3206.2634617829854 .0000000000000000 3916158.6092797704
 -4.7500000000000000 3.8559229915372302 3206.3009232753170 .0000000000000000 3915834.5864336458
 -4.7000000000000002 3.8578094810027026 3208.5993945972991 .0000000000000000 3917725.6369783194
 -4.6500000000000004 3.8601419170289857 3209.6921933410126 .0000000000000000 3919259.3925225530
 -4.5999999999999996 3.8571416493144124 3205.6783566032636 .0000000000000000 3915783.1756220981
 -4.5499999999999998 3.8521025139788776 3202.7883774764323 .0000000000000000 3911751.9603279550
 -4.5000000000000000 3.8562442594077440 3208.8728004360341 .0000000000000000 3916685.3190626455
 -4.4500000000000002 3.8656768716752961 3214.2657267326344 .0000000000000000 3924514.4839515309
 -4.4000000000000004 3.8605247715408124 3204.9397912006289 .0000000000000000 3918195.1847092169
 -4.3499999999999996 3.8432870863026829 3195.0537870757998 .0000000000000000 3904501.0182672041
 -4.2999999999999998 3.8472636984311253 3209.0196296928257 .0000000000000000 3911614.9454543474
 -4.2500000000000000 3.8773670705122014 3227.8354706355553 .0000000000000000 3935030.6463767583
 -4.2000000000000002 3.8826368458678200 3209.5120621943311 .0000000000000000 3931805.0128927529
 -4.1500000000000004 3.8375394350094894 3174.7880685990935 .0000000000000000 3896406.3739327011
 -4.0999999999999996 3.8061640656792357 3191.8959495435583 .0000000000000000 3884264.6077856584
 -4.0499999999999998 3.8530607561466192 3248.6274608083049 .0000000000000000 3923343.0322655924
 -4.0000000000000000 3.9341789150430424 3245.7109206841651 .0000000000000000 3966443.0973521299
 -3.9499999999999997 3.9662502631678858 3171.3361267687055 .0000000000000000 3978447.1855224860
 -3.8999999999999999 3.9549163917936965 3161.5623165377929 .0000000000000000 4001308.1616683435
 -3.8500000000000001 3.9344421656030870 3277.9022394335684 .0000000000000000 4030677.7980076266
 -3.7999999999999998 3.8351417365770852 3332.4802259262283 .0000000000000000 3915791.3027701760
 -3.7500000000000000 3.6022150147054166 3147.7526944282818 .0000000000000000 3622398.9218246662
 -3.6999999999999997 3.4266548780981583 2931.2570998232782 .0000000000000000 3488489.6158290585
 -3.6499999999999999 3.5787550832866395 3038.9114587552608 .0000000000000000 3797461.2876914302
 -3.6000000000000001 3.9615249768406859 3357.5544963124994 .0000000000000000 4197762.7737333374
 -3.5499999999999998 4.1676523751043959 3411.8666142928641 .0000000000000000 4127067.8164314842
 -3.5000000000000000 4.0769141258467734 3160.0698824366164 .0000000000000000 3750758.0622691223
 -3.4499999999999997 4.0061749610839348 3098.4388921037962 .0000000000000000 3794940.9413047540
 -3.3999999999999999 4.1168067469067902 3392.9733867019936 .0000000000000000 4368770.6040574294
 -3.3500000000000001 4.0946735477500766 3490.2587057534938 .0000000000000000 4605952.6706467066
 -3.2999999999999998 3.7090766915447420 2969.9378348149039 .0000000000000000 3898773.9364633760
 -3.2500000000000000 3.3780944468917760 2401.9545127886627 .0000000000000000 3034868.7146142484
 -3.1999999999999997 3.7166181211852436 2753.2376640961274 .0000000000000000 3300563.2169895996
 -3.1499999999999999 4.5538679232772346 3920.4626018491294 .0000000000000000 4597940.5660255803
 -3.1000000000000001 4.9022538641458402 4545.1487190513772 .0000000000000000 5325985.3405633606
 -3.0499999999999998 4.1239442096057735 3677.4244761811929 .0000000000000000 4351454.7256045863
 -3.0000000000000000 2.6983217436794278 1968.9297860462298 .0000000000000000 2395394.7769933129
 -2.9499999999999997 1.5413452541320725 667.93086831142205 .0000000000000000 920624.59484895109
 -2.8999999999999999 .99881076862246931 146.78328523554819 .0000000000000000 371972.15567383874
 -2.8500000000000001 .83861220243434975 25.863419037291987 .0000000000000000 272315.91786973679
 -2.7999999999999998 .80543159723012236 .71373568767746742 .0000000000000000 251529.71108188506
 -2.7500000000000000 .81331510329993506 -1.4799477012398650 .0000000000000000 247926.80470262186
 -2.6999999999999997 .83936753320997048 .28008113563609660 .0000000000000000 250477.29291453469
 -2.6499999999999999 .87373299359247358 -.36657507289169708E-001 .0000000000000000 250001.01071824238
 -2.5999999999999996 .91586686285518160 -.26549469891020475E-001 .0000000000000000 249928.81070201762
 -2.5499999999999998 .96356053411541243 .52441822656485851E-001 .0000000000000000 250077.44479181609
 -2.5000000000000000 1.0132595705513909 -.16356809646894149E-001 .0000000000000000 249972.43422516561
 -2.4499999999999997 1.0622076082410747 -.15449819379369624E-002 .0000000000000000 250002.26779908632
 -2.3999999999999999 1.1073248191546712 .47371982908419024E-002 .0000000000000000 250004.95213731710
 -2.3499999999999996 1.1457298907550810 -.24638811557049492E-002 .0000000000000000 249996.18924061625
 -2.2999999999999998 1.1750896107794013 .37029003795335704E-003 .0000000000000000 250001.56649429270
 -2.2500000000000000 1.1935631701318197 .39008209263813879E-003 .0000000000000000 250000.02222762024
 -2.1999999999999997 1.1999978101802111 -.31495503372302948E-003 .0000000000000000 249999.85143063174
 -2.1499999999999999 1.1939999765380511 .10088686506256917E-003 .0000000000000000 250000.32071587289
 -2.0999999999999996 1.1759393329857923 -.35591975067866793E-004 .0000000000000000 250000.02442343731
 -2.0499999999999998 1.1469393250457041 -.37581749205362739E-004 .0000000000000000 250000.06248344740
 -1.9999999999999998 1.1088036529517447 .58692394260689132E-004 .0000000000000000 250000.05358674467
 -1.9499999999999997 1.0639031105761343 .76378359480508396E-004 .0000000000000000 250000.00765898437
 -1.8999999999999999 1.0150297441324057 .14100547315227578E-003 .0000000000000000 249999.99621198355
 -1.8499999999999999 .96522212498845938 .18791179079929836E-003 .0000000000000000 249999.96536055324
 -1.7999999999999998 .91757656738234072 .18212097161392977E-003 .0000000000000000 249999.94160930661
 -1.7499999999999998 .87505529601246057 .15162659639987317E-003 .0000000000000000 249999.94081366280
 -1.6999999999999997 .84030250450784905 .12536436148051529E-003 .0000000000000000 249999.94490944021
 -1.6499999999999999 .81547943092532271 .10276440704780511E-003 .0000000000000000 249999.92932661949
 -1.5999999999999999 .80212919405905814 .48259265732446559E-004 .0000000000000000 249999.90248457706
 -1.5499999999999998 .80108114970279576 -.35116454533760159E-004 .0000000000000000 249999.89928502339
 -1.4999999999999998 .81240037835045131 -.97193660543279568E-004 .0000000000000000 249999.92431127280
 -1.4499999999999997 .83538376361096212 -.12234836860951524E-003 .0000000000000000 249999.94389349490
 -1.3999999999999999 .86860271302929959 -.14566067094665895E-003 .0000000000000000 249999.94158616901
 -1.3499999999999999 .90999144583202785 -.17893070013389194E-003 .0000000000000000 249999.94050407238
 -1.2999999999999998 .95697609528910510 -.18748073509740513E-003 .0000000000000000 249999.96005014615
 -1.2499999999999998 1.0066354544686316 -.15153321884768731E-003 .0000000000000000 249999.98942670302
 -1.1999999999999997 1.0558823859677580 -.94151175347691364E-004 .0000000000000000 250000.01364598164
 -1.1499999999999997 1.1016551679528894 -.41459971455477182E-004 .0000000000000000 250000.03423296200
 -1.0999999999999999 1.1411077375780139 .32864365884854807E-006 .0000000000000000 250000.05885083767
 -1.0499999999999998 1.1717869221844914 .26627005470778515E-004 .0000000000000000 250000.08812392355
 -.99999999999999978 1.1917851351034119 .27504949713241961E-004 .0000000000000000 250000.11432540271
 -.94999999999999973 1.1998589473591323 .44634177091311005E-005 .0000000000000000 250000.12692738546
 -.89999999999999980 1.1955063535178507 -.22467629630522806E-004 .0000000000000000 250000.12001443480
 -.84999999999999976 1.1789979848442995 -.29862842774688066E-004 .0000000000000000 250000.09674168052
 -.79999999999999982 1.1513602811584018 -.10045621280666900E-004 .0000000000000000 250000.06707633054
 -.74999999999999978 1.1143116968289060 .28327363368252471E-004 .0000000000000000 250000.04053151605
 -.69999999999999973 1.0701559096296296 .77728772860663879E-004 .0000000000000000 250000.01938170014
 -.64999999999999980 1.0216384998247121 .13497557587959671E-003 .0000000000000000 249999.99737862407
 -.59999999999999976 .97177595840833830 .18075170850524191E-003 .0000000000000000 249999.96919357954
 -.54999999999999971 .92366807433900400 .18564355247762337E-003 .0000000000000000 249999.94481344632
 -.49999999999999978 .88030570571634603 .15455587671922997E-003 .0000000000000000 249999.94024217987
 -.44999999999999973 .84438528247527822 .12585766470953169E-003 .0000000000000000 249999.94581242843
 -.39999999999999974 .81814070476076728 .10596118142891238E-003 .0000000000000000 249999.93328386825
 -.34999999999999976 .80320358702793415 .57753723040087635E-004 .0000000000000000 249999.90518682468
 -.29999999999999971 .80050193876699349 -.24169680289905244E-004 .0000000000000000 249999.89707759512
 -.24999999999999972 .81020352311157706 -.91228890460841878E-004 .0000000000000000 249999.92024493052
 -.19999999999999973 .83170575749155207 -.11880967436116629E-003 .0000000000000000 249999.94304318694
 -.14999999999999974 .86367224303452206 -.13959455907984385E-003 .0000000000000000 249999.94305623617
 -.99999999999999728E-001 .90411515021607369 -.17328093350604197E-003 .0000000000000000 249999.93993682895
 -.49999999999999725E-001 .95051936522301117 -.18808507991298240E-003 .0000000000000000 249999.95690231249
 .27755575615628914E-015 .99999968333724265 -.15786519498771289E-003 .0000000000000000 249999.98609452703
 .50000000000000280E-001 1.0494800986688615 -.10175123580951708E-003 .0000000000000000 250000.01083350994
 .10000000000000028 1.0958844290028236 -.48300621986108250E-004 .0000000000000000 250000.03094548959
 .15000000000000030 1.1363273744278046 -.53423784171736831E-005 .0000000000000000 250000.05457153689
 .20000000000000029 1.1682941761656955 .23747510385441330E-004 .0000000000000000 250000.08356682403
 .25000000000000028 1.1897971763302015 .28712437201289056E-004 .0000000000000000 250000.11100442510
 .30000000000000027 1.1994993809119185 .82970882966567415E-005 .0000000000000000 250000.12610614515
 .35000000000000031 1.1967975355466107 -.19394552450126211E-004 .0000000000000000 250000.12172211896
 .40000000000000030 1.1818596331267557 -.29897324682777624E-004 .0000000000000000 250000.09979067519
 .45000000000000029 1.1556144673112554 -.12902965805271661E-004 .0000000000000000 250000.07002946187
 .50000000000000033 1.1196939004414337 .23717299319899470E-004 .0000000000000000 250000.04273135026
 .55000000000000027 1.0763314622127174 .71096513112759230E-004 .0000000000000000 250000.02150329694
 .60000000000000031 1.0282234248293203 .12704902105930993E-003 .0000000000000000 250000.00088563329
 .65000000000000036 .97836088097019369 .17566568974838320E-003 .0000000000000000 249999.97394997097
 .70000000000000029 .92984363557771288 .18591404896394143E-003 .0000000000000000 249999.94801368966
 .75000000000000033 .88568792270573349 .15624386532242247E-003 .0000000000000000 249999.94065122594
 .80000000000000027 .84863942397952019 .12537207413220133E-003 .0000000000000000 249999.94677474405
 .85000000000000031 .82100223309646236 .10761631518611090E-003 .0000000000000000 249999.93707880125
 .90000000000000036 .80449467175052447 .66409632497557266E-004 .0000000000000000 249999.90811498923
 .95000000000000029 .80014239194026893 -.12871974556430987E-004 .0000000000000000 249999.89514003586
 1.0000000000000004 .80821565848868515 -.84101425579677876E-004 .0000000000000000 249999.91613548520
 1.0500000000000003 .82821307428897806 -.11409951603135799E-003 .0000000000000000 249999.94213759026
 1.1000000000000003 .85889189644614949 -.13231892040032906E-003 .0000000000000000 249999.94496612001
 1.1500000000000004 .89834444106931544 -.16603080124944796E-003 .0000000000000000 249999.94017272786
 1.2000000000000004 .94411712423396466 -.18713214594736217E-003 .0000000000000000 249999.95437658610
 1.2500000000000004 .99336391879054786 -.16339803134307295E-003 .0000000000000000 249999.98297302239
 1.3000000000000003 1.0430233320971403 -.10939349850010399E-003 .0000000000000000 250000.00793598726
 1.3500000000000003 1.0900081085001996 -.55673465272899188E-004 .0000000000000000 250000.02740774822
 1.4000000000000004 1.1313968917301345 -.11807391895923716E-004 .0000000000000000 250000.04992707516
 1.4500000000000004 1.1646161080704127 .19965565902070426E-004 .0000000000000000 250000.07855782611
 1.5000000000000004 1.1876002166563173 .29211858317868415E-004 .0000000000000000 250000.10718591846
 1.5500000000000003 1.1989201297974534 .11940075130497710E-004 .0000000000000000 250000.12478306849
 1.6000000000000003 1.1978720081319021 -.15911954862563622E-004 .0000000000000000 250000.12294751618
 1.6500000000000004 1.1845210211955057 -.29135117927047875E-004 .0000000000000000 250000.10238984128
 1.7000000000000004 1.1596972943284196 -.14882422969413225E-004 .0000000000000000 250000.07256976719
 1.7500000000000004 1.1249443019320922 .19889370209428711E-004 .0000000000000000 250000.04455229515
 1.8000000000000003 1.0824229656345759 .64977490654544390E-004 .0000000000000000 250000.02331039088
 1.8500000000000003 1.0347772773840767 .11895823417266868E-003 .0000000000000000 250000.00428339074
 1.9000000000000004 .98496963596546072 .16946984360145383E-003 .0000000000000000 249999.97902843621
 1.9500000000000004 .93609645261235364 .18458772756870293E-003 .0000000000000000 249999.95195763381
 2.0000000000000004 .89119602022305244 .15653799999656466E-003 .0000000000000000 249999.94172784465
 2.0500000000000003 .85306024437905403 .12364875194847725E-003 .0000000000000000 249999.94787491998
 2.1000000000000005 .82406086692845937 .10787558384864316E-003 .0000000000000000 249999.94076039334
 2.1500000000000004 .80600102760389436 .74053170258480387E-004 .0000000000000000 249999.91120456648
 2.2000000000000002 .80000290494860626 -.14006190316582131E-005 .0000000000000000 249999.89349884700
 2.2500000000000004 .80643897241661266 -.75905656910475763E-004 .0000000000000000 249999.91201417308
 2.3000000000000003 .82490955918821152 -.10828209421106286E-003 .0000000000000000 249999.94112324869
 2.3500000000000005 .85426693697750045 -.12393119207703028E-003 .0000000000000000 249999.94723750761
 2.4000000000000004 .89268567250543496 -.15725875985075642E-003 .0000000000000000 249999.94119048375
 2.4500000000000006 .93777642159590346 -.18457577365013921E-003 .0000000000000000 249999.95251657479
 2.5000000000000004 .98673546765046727 -.16799076425679521E-003 .0000000000000000 249999.98013845421
 2.5500000000000003 1.0365191966041893 -.11694288575571665E-003 .0000000000000000 250000.00502809603
 2.6000000000000005 1.0840326778756564 -.63493729749846051E-004 .0000000000000000 250000.02366482132
 2.6500000000000004 1.1263217193051580 -.19022878392011565E-004 .0000000000000000 250000.04495422778
 2.7000000000000006 1.1607567684440248 .15256994221583284E-004 .0000000000000000 250000.07318462856
 2.7500000000000004 1.1851966755608663 .28806937055486175E-004 .0000000000000000 250000.10301132590
 2.8000000000000003 1.1981218327218368 .14928418505657863E-004 .0000000000000000 250000.12319199048
 2.8500000000000005 1.1987285909984189 -.12868602017560331E-004 .0000000000000000 250000.12434615183
 2.9000000000000004 1.1869792235444141 -.29219527617071638E-004 .0000000000000000 250000.10608529981
 2.9500000000000006 1.1636042720785909 -.18804396580515980E-004 .0000000000000000 250000.07714732920
 3.0000000000000004 1.1300571264500607 .13659347735879519E-004 .0000000000000000 250000.04863057457
 3.0500000000000003 1.0884237207611840 .57718062116713512E-004 .0000000000000000 250000.02642898058
 3.1000000000000005 1.0412928398838697 .11142259267244036E-003 .0000000000000000 250000.00715721672
 3.1500000000000004 .99159491345349593 .16472175673354084E-003 .0000000000000000 249999.98218386548
 3.2000000000000006 .94241957779072449 .18660853484088943E-003 .0000000000000000 249999.95381314991
 3.2500000000000004 .89682388831520909 .16383494080383771E-003 .0000000000000000 249999.94036941906
 3.3000000000000003 .85764288640386510 .13018369722218246E-003 .0000000000000000 249999.94553963438
 3.3500000000000005 .82731327897793172 .11265126919728366E-003 .0000000000000000 249999.94188053097
 3.4000000000000004 .80772103083876279 .82014874256283136E-004 .0000000000000000 249999.91504259047
 3.4500000000000006 .80008366999516922 .98252614613338322E-005 .0000000000000000 249999.89467257002
 3.5000000000000004 .80487546241929186 -.68539926801443590E-004 .0000000000000000 249999.90890074862
 3.5500000000000003 .82179888185105776 -.10780916053701566E-003 .0000000000000000 249999.93804703711
 3.6000000000000005 .84980251637059023 -.12505361162957383E-003 .0000000000000000 249999.94707093533
 3.6500000000000004 .88714508015805471 -.15650843248577248E-003 .0000000000000000 249999.94090059763
 3.7000000000000006 .93150401733193711 -.18568899970889630E-003 .0000000000000000 249999.94895659285
 3.7500000000000004 .98012150589304214 -.17399129586314884E-003 .0000000000000000 249999.97524857314
 3.8000000000000007 1.0299752603897356 -.12494887300584919E-003 .0000000000000000 250000.00191872704
 3.8500000000000005 1.0779647413171161 -.69746173485410681E-004 .0000000000000000 250000.02208477803
 3.9000000000000004 1.1211064224107372 -.22514646429831347E-004 .0000000000000000 250000.04305189985
 3.9500000000000006 1.1567208010891223 .14365315772911522E-004 .0000000000000000 250000.07064403428
 4.0000000000000009 1.1825916263409788 .29053720356972451E-004 .0000000000000000 250000.10111031507
 4.0500000000000007 1.1971036387917438 .14257239619270973E-004 .0000000000000000 250000.12387593524
 4.1000000000000005 1.1993609937730150 -.13749332848953230E-004 .0000000000000000 250000.13008740675
 4.1500000000000004 1.1892370848920011 -.34232618260159581E-004 .0000000000000000 250000.11931902065
 4.2000000000000002 1.1673427207391942 -.47748820102930198E-004 .0000000000000000 250000.10291679899
 4.2500000000000009 1.1350119075983769 -.51718729459367417E-004 .0000000000000000 250000.09599825088
 4.3000000000000007 1.0943023316582006 -.43919697718165078E-005 .0000000000000000 250000.08139918410
 4.3500000000000005 1.0477994730370008 .13206142058170317E-003 .0000000000000000 250000.00065875324
 4.4000000000000004 .99828426170059337 .30688598307616497E-003 .0000000000000000 249999.85173356527
 4.4500000000000002 .94872305152675340 .38644330540697877E-003 .0000000000000000 249999.75884561849
 4.5000000000000009 .90243510657367199 .27740437674181659E-003 .0000000000000000 249999.83697514414
 4.5500000000000007 .86254468744917423 .55048968107784272E-004 .0000000000000000 250000.04977428901
 4.6000000000000005 .83106113729049891 -.98207833090066499E-004 .0000000000000000 250000.25839185470
 4.6500000000000004 .80938412837862117 -.15834075917291353E-003 .0000000000000000 250000.31324448541
 4.7000000000000002 .79973737275798029 -.27737199208100637E-003 .0000000000000000 250000.19836553014
 4.7500000000000009 .80406600653439575 -.42087461506399356E-003 .0000000000000000 250000.11526740249
 4.8000000000000007 .82047711463158102 -.38784521011272637E-003 .0000000000000000 250000.11667829356
 4.8500000000000005 .84301757972027325 -.23212285747864578E-003 .0000000000000000 250000.01631713464
 4.9000000000000004 .86646228687372195 -.12372833724124364E-003 .0000000000000000 249999.88397352613
 4.9500000000000002 .88909874555717727 -.60768657511062596E-004 .0000000000000000 249999.88151014494
 5.0000000000000009 .91078086403777636 .65133769324572680E-010 .0000000000000000 250000.00000000003
