 -5.0000000000000000 3.8571430000000002 3207.1353073860901 .0000000000000000 3916666.0931709171
 -4.9500000000000002 3.8570557237221528 3207.1147777892375 .0000000000000000 3916594.3543825122
 -4.9000000000000004 3.8569858144204567 3207.0956175318197 .0000000000000000 3916541.6309985379
 -4.8499999999999996 3.8570503228496795 3207.1063776912788 .0000000000000000 3916621.3984665126
 -4.7999999999999998 3.8575357363638281 3207.2145991565276 .0000000000000000 3917072.5678808596
 -4.7500000000000000 3.8585347676051813 3207.4319285244551 .0000000000000000 3917817.0261570606
 -4.7000000000000002 3.8591323785147433 3207.5727046702123 .0000000000000000 3917985.2193083507
 -4.6500000000000004 3.8580014663015199 3207.3935819952485 .0000000000000000 3916967.3630722770
 -4.5999999999999996 3.8560312611412164 3206.9902213675232 .0000000000000000 3916005.9962383145
 -4.5499999999999998 3.8562983712174570 3206.8477256666829 .0000000000000000 3916806.7877613073
 -4.5000000000000000 3.8590942536049253 3207.2183044439143 .0000000000000000 3918274.3511515367
 -4.4500000000000002 3.8595615606333511 3207.5788060560640 .0000000000000000 3917319.0015426744
 -4.4000000000000004 3.8549724560816760 3207.2580702440414 .0000000000000000 3914275.7163281566
 -4.3499999999999996 3.8519575758261420 3206.5988906446564 .0000000000000000 3914127.3208364644
 -4.2999999999999998 3.8581706982227475 3206.7416632063964 .0000000000000000 3919021.0604608534
 -4.2500000000000000 3.8668758515557311 3207.9725167610845 .0000000000000000 3922681.6418071520
 -4.2000000000000002 3.8617994061801810 3208.5496867381389 .0000000000000000 3917593.0672127958
 -4.1500000000000004 3.8434074696556144 3206.1292252411663 .0000000000000000 3907253.5672620875
 -4.0999999999999996 3.8384296903225796 3202.6977501013685 .0000000000000000 3906376.1566958679
 -4.0499999999999998 3.8664209752368213 3205.8110841172115 .0000000000000000 3923699.5408290108
 -4.0000000000000000 3.8990649684198209 3216.2380382451684 .0000000000000000 3943007.4290090222
 -3.9499999999999997 3.8807702506832809 3218.0097544182622 .0000000000000000 3932355.6270325491
 -3.8999999999999999 3.8102038250486672 3199.0408677581172 .0000000000000000 3887677.5991400322
 -3.8500000000000001 3.7727544345799715 3179.5713118137764 .0000000000000000 3858356.7502263510
 -3.7999999999999998 3.8469257955793155 3195.0922432372145 .0000000000000000 3902066.0572107304
 -3.7500000000000000 3.9903173139179313 3244.1971918688923 .0000000000000000 4007511.7458045329
 -3.6999999999999997 4.0668333460231247 3272.2685470804067 .0000000000000000 4082000.8076066421
 -3.6499999999999999 3.9948685568268019 3231.6298116394992 .0000000000000000 4040356.9062840804
 -3.6000000000000001 3.8388550074179539 3161.8587158845476 .0000000000000000 3909408.1331830192
 -3.5499999999999998 3.7302670403627856 3158.8629752388224 .0000000000000000 3804999.3263365580
 -3.5000000000000000 3.7053385032503736 3223.2192095286373 .0000000000000000 3783847.9711397197
 -3.4499999999999997 3.6824070762982606 3226.4706774916344 .0000000000000000 3784727.8131869622
 -3.3999999999999999 3.6383252418964176 3122.0907249486172 .0000000000000000 3764393.2340843575
 -3.3500000000000001 3.6985158165523302 3071.3963946608933 .0000000000000000 3801423.5306266840
 -3.2999999999999998 3.9306863294644390 3203.6500520919199 .0000000000000000 3962240.8886395125
 -3.2500000000000000 4.1567986323692718 3370.7002028071984 .0000000000000000 4133174.1156414170
 -3.1999999999999997 4.1529014058373601 3340.8302196218851 .0000000000000000 4138996.3220903645
 -3.1499999999999999 3.9732438718673051 3155.1267430258326 .0000000000000000 4008949.8572525242
 -3.1000000000000001 3.8884058115624174 3081.9768786568156 .0000000000000000 3957425.5470101163
 -3.0499999999999998 4.0164563223457135 3234.5794931540217 .0000000000000000 4072684.4041984542
 -3.0000000000000000 4.1768602344107091 3415.2563965019967 .0000000000000000 4180690.8742213347
 -2.9499999999999997 4.1412260600362574 3387.3399003202994 .0000000000000000 4093069.2513160128
 -2.8999999999999999 3.9140819767831130 3177.5821453184390 .0000000000000000 3873992.9427743838
 -2.8500000000000001 3.7019777216087961 3023.7826528586779 .0000000000000000 3759645.4763483172
 -2.7999999999999998 3.6605773768815575 3075.2320260821311 .0000000000000000 3854637.2476643408
 -2.7500000000000000 3.7397528826858419 3227.5146941020589 .0000000000000000 3990791.7217081753
 -2.6999999999999997 3.7796912923680019 3270.2266114537870 .0000000000000000 3930737.0294980556
 -2.6499999999999999 3.7217692171361438 3161.4664692766651 .0000000000000000 3684825.4686282566
 -2.5999999999999996 3.6817901106037962 3095.2624353284164 .0000000000000000 3538447.5825722301
 -2.5499999999999998 3.7795032407218452 3246.5554557819355 .0000000000000000 3719308.2937049237
 -2.5000000000000000 3.9155804202339342 3474.2852332326811 .0000000000000000 4067228.9510831330
 -2.4499999999999997 3.8287201302686662 3406.3760587679180 .0000000000000000 4128561.1041167858
 -2.3999999999999999 3.4681948206003592 2935.8653357312046 .0000000000000000 3714141.5413831719
 -2.3499999999999996 3.2124346199137923 2525.3421536424826 .0000000000000000 3293935.6915802998
 -2.2999999999999998 3.4997150501186858 2748.1640763388391 .0000000000000000 3509613.9365483755
 -2.2500000000000000 4.2242243183835795 3504.1356475318862 .0000000000000000 4261736.5713518513
 -2.1999999999999997 4.7391533423842755 4013.5057104102325 .0000000000000000 4713867.8152793776
 -2.1499999999999999 4.5761777186427395 3733.9286033687954 .0000000000000000 4340594.6914501991
 -2.0999999999999996 3.9818892119169980 3014.3521005969819 .0000000000000000 3591726.4840072682
 -2.0499999999999998 3.6032877608228424 2667.0620431103680 .0000000000000000 3366215.1478405441
 -1.9999999999999998 3.7397260593786656 3023.0622230817048 .0000000000000000 3973120.9443462202
 -1.9499999999999997 4.0348984144774667 3537.8829743130382 .0000000000000000 4660601.9804232316
 -1.8999999999999999 3.9557528883926447 3436.7302929298348 .0000000000000000 4419846.7959207967
 -1.8499999999999999 3.5134220182717231 2745.7668933229224 .0000000000000000 3369788.1445068978
 -1.7999999999999998 3.2951060776803951 2359.7501284540922 .0000000000000000 2745245.1521889572
 -1.7499999999999998 3.6810700232206996 2906.5548834195911 .0000000000000000 3333838.9241979779
 -1.6999999999999997 4.2617158354712155 3859.6174075498511 .0000000000000000 4507624.5697137089
 -1.6499999999999999 4.2549967256927435 4064.0824852400756 .0000000000000000 4885565.9298355142
 -1.5999999999999999 3.3992717230612177 3056.0711371551988 .0000000000000000 3797749.1272693169
 -1.5499999999999998 2.2073885070209434 1554.1245479132645 .0000000000000000 2020401.9462551866
 -1.4999999999999998 1.3375854397716151 507.39994015017703 .0000000000000000 769030.11870739248
 -1.4499999999999997 .96967381830073829 106.96192376291584 .0000000000000000 334907.02779578679
 -1.3999999999999999 .89386567752418877 16.886896695206623 .0000000000000000 265667.37880529091
 -1.3499999999999999 .91197122388028673 -.11970680101406317 .0000000000000000 250543.57710724400
 -1.2999999999999998 .95596323758403234 -.97906490023632231 .0000000000000000 248295.09406506235
 -1.2499999999999998 1.0066873460880017 .16742330198486688 .0000000000000000 250503.26118246047
 -1.1999999999999997 1.0559137873705775 -.17540218911474455E-001 .0000000000000000 249956.95858891489
 -1.1499999999999997 1.1016138498488077 -.33632279205007866E-002 .0000000000000000 249960.60105784272
 -1.0999999999999999 1.1411500155148822 .26103462807496841E-001 .0000000000000000 250055.85771183661
 -1.0499999999999998 1.1717812320896119 -.85638401554802707E-002 .0000000000000000 249976.12276596855
 -.99999999999999978 1.1917784236326674 -.41007462261180897E-003 .0000000000000000 250004.68982899311
 -.94999999999999973 1.1998626748972889 .23008187448696938E-002 .0000000000000000 250001.75221255378
 -.89999999999999980 1.1955039557757754 -.12586897310914512E-002 .0000000000000000 249997.49892110479
 -.84999999999999976 1.1789969850964168 .23007997310614460E-003 .0000000000000000 250001.11804917644
 -.79999999999999982 1.1513597058265730 .25400229607739640E-003 .0000000000000000 249999.62967692697
 -.74999999999999978 1.1143104275112252 -.66283295866270667E-004 .0000000000000000 249999.91585100832
 -.69999999999999973 1.0701550745154551 .21304380967295439E-003 .0000000000000000 250000.11883694731
 -.64999999999999980 1.0216382167100835 .19192725723523037E-003 .0000000000000000 249999.97702046760
 -.59999999999999976 .97177642003154963 .19272326426146967E-003 .0000000000000000 250000.07807092424
 -.54999999999999971 .92366894135784594 .17743745805567321E-003 .0000000000000000 250000.07383916882
 -.49999999999999978 .88030639397759602 .12013625169743459E-003 .0000000000000000 250000.05577247491
 -.44999999999999973 .84438581961859072 .11874920978278850E-003 .0000000000000000 250000.04791282583
 -.39999999999999974 .81814159672912379 .12237100118651898E-003 .0000000000000000 250000.03465019993
 -.34999999999999976 .80320508393991108 .71337179863568577E-004 .0000000000000000 250000.03050785192
 -.29999999999999971 .80050359290058393 -.29876845937355463E-004 .0000000000000000 250000.03007207965
 -.24999999999999972 .81020468443503868 -.10956106572610645E-003 .0000000000000000 250000.03256782284
 -.19999999999999973 .83170636933739772 -.12291241923118840E-003 .0000000000000000 250000.04028607928
 -.14999999999999974 .86367281284765796 -.11628582815058393E-003 .0000000000000000 250000.05371420147
 -.99999999999999728E-001 .90411597317296022 -.14441678502223005E-003 .0000000000000000 250000.06750900196
 -.49999999999999725E-001 .95052009005537785 -.19103425404203218E-003 .0000000000000000 250000.06830152380
 .27755575615628914E-015 .99999975573948985 -.20530758942929582E-003 .0000000000000000 250000.04927138207
 .50000000000000280E-001 1.0494794165492287 -.17205596633428828E-003 .0000000000000000 250000.02017462775
 .10000000000000028 1.0958833827833150 -.11810812536242736E-003 .0000000000000000 249999.99009604062
 .15000000000000030 1.1363263643330723 -.74364098998342599E-004 .0000000000000000 249999.95569459972
 .20000000000000029 1.1682932846536771 -.49736759941176007E-004 .0000000000000000 249999.91656916391
 .25000000000000028 1.1897962876049459 -.32329690392261272E-004 .0000000000000000 249999.88387434534
 .30000000000000027 1.1994984438339527 -.92781326296425251E-005 .0000000000000000 249999.86833643509
 .35000000000000031 1.1967966164662096 .17124145924323779E-004 .0000000000000000 249999.87310318934
 .40000000000000030 1.1818587611124827 .38309552221361495E-004 .0000000000000000 249999.89718173383
 .45000000000000029 1.1556135401733176 .58417978428557982E-004 .0000000000000000 249999.93420934735
 .50000000000000033 1.1196928480770638 .91961689091246205E-004 .0000000000000000 249999.97174387149
 .55000000000000027 1.0763305088669199 .14294432531845421E-003 .0000000000000000 250000.00312736121
 .60000000000000031 1.0282230355756738 .19195083315296538E-003 .0000000000000000 250000.03291284345
 .65000000000000036 .97836128847554438 .20600003517167112E-003 .0000000000000000 250000.05998564101
 .70000000000000029 .92984449470745367 .17237848991783988E-003 .0000000000000000 250000.07111948525
 .75000000000000033 .88568866041573202 .12615842052700332E-003 .0000000000000000 250000.06250036194
 .80000000000000027 .84863994623406414 .11438305873765957E-003 .0000000000000000 250000.04709249781
 .85000000000000031 .82100302732090802 .12216668344972869E-003 .0000000000000000 250000.03610168301
 .90000000000000036 .80449608439258835 .83096623468872726E-004 .0000000000000000 250000.03097217638
 .95000000000000029 .80014405247893328 -.16197691120066491E-004 .0000000000000000 250000.02982224512
 1.0000000000000004 .80821688414759196 -.10290445402050414E-003 .0000000000000000 250000.03198451275
 1.0500000000000003 .82821371309599767 -.12208964241320814E-003 .0000000000000000 250000.03874449746
 1.1000000000000003 .85889243525381920 -.11242541071800612E-003 .0000000000000000 250000.05132826322
 1.1500000000000004 .89834525319053260 -.13570337512228912E-003 .0000000000000000 250000.06572106914
 1.2000000000000004 .94411792030432307 -.18442779277089142E-003 .0000000000000000 250000.06905587361
 1.2500000000000004 .99336410817217680 -.20562756463545471E-003 .0000000000000000 250000.05200042253
 1.3000000000000003 1.0430227300321848 -.17751399357933921E-003 .0000000000000000 250000.02280991952
 1.3500000000000003 1.0900070745349113 -.12432630065329346E-003 .0000000000000000 249999.99276282763
 1.4000000000000004 1.1313958637375308 -.78683457762032170E-004 .0000000000000000 249999.95988031203
 1.4500000000000004 1.1646152129532736 -.52553399444583336E-004 .0000000000000000 249999.92216285111
 1.5000000000000004 1.1875993435080923 -.35588638471145811E-004 .0000000000000000 249999.88938658067
 1.5500000000000003 1.1989192067658940 -.13518480692776248E-004 .0000000000000000 249999.87229779988
 1.6000000000000003 1.1978710930314742 .13355459496890793E-004 .0000000000000000 249999.87413584025
 1.6500000000000004 1.1845201572467192 .35721625739721539E-004 .0000000000000000 249999.89453314533
 1.7000000000000004 1.1596963880957527 .55317291307792463E-004 .0000000000000000 249999.92898528991
 1.7500000000000004 1.1249432570923099 .86260358974225227E-004 .0000000000000000 249999.96600724882
 1.8000000000000003 1.0824219650129792 .13525742445624290E-003 .0000000000000000 249999.99767791259
 1.8500000000000003 1.0347767914274411 .18635414322903525E-003 .0000000000000000 250000.02791122562
 1.9000000000000004 .98496996833702333 .20638564484676578E-003 .0000000000000000 250000.05681494487
 1.9500000000000004 .93609731728586199 .17656311987232224E-003 .0000000000000000 250000.07087535379
 2.0000000000000004 .89119680527255507 .12684924024679525E-003 .0000000000000000 250000.06407537780
 2.0500000000000003 .85306075586363250 .10988372405801684E-003 .0000000000000000 250000.04871146329
 2.1000000000000005 .82406156219472604 .12126908039961693E-003 .0000000000000000 250000.03707207119
 2.1500000000000004 .80600233917726727 .92895832624950321E-004 .0000000000000000 250000.03141104124
 2.2000000000000002 .80000455290532235 -.20003455732488229E-005 .0000000000000000 250000.02985376466
 2.2500000000000004 .80644025222846905 -.95160607616518139E-004 .0000000000000000 250000.03149151496
 2.3000000000000003 .82491022608705755 -.12053218436895746E-003 .0000000000000000 250000.03749637294
 2.3500000000000005 .85426744920733599 -.10843547157815175E-003 .0000000000000000 250000.04930909505
 2.4000000000000004 .89268647435316839 -.12707513624870778E-003 .0000000000000000 250000.06431225286
 2.4500000000000006 .93777728903754087 -.17781209700830017E-003 .0000000000000000 250000.07040509148
 2.5000000000000004 .98673578037600529 -.20637509046421407E-003 .0000000000000000 250000.05579846268
 2.5500000000000003 1.0365186870573821 -.18434351324716995E-003 .0000000000000000 250000.02684032309
 2.6000000000000005 1.0840316679261768 -.13258429528978507E-003 .0000000000000000 249999.99664775631
 2.6500000000000004 1.1263206783800308 -.84518162391617941E-004 .0000000000000000 249999.96463221105
 2.7000000000000006 1.1607558672942520 -.54892191488460663E-004 .0000000000000000 249999.92730702308
 2.7500000000000004 1.1851958115512335 -.35871770951708827E-004 .0000000000000000 249999.89326580099
 2.8000000000000003 1.1981209163290425 -.13296549052701624E-004 .0000000000000000 249999.87384286249
 2.8500000000000005 1.1987276707835599 .13840579124008622E-004 .0000000000000000 249999.87292313084
 2.9000000000000004 1.1869783541818935 .35896171465510217E-004 .0000000000000000 249999.89054692214
 2.9500000000000006 1.1636033735822751 .52994536731307485E-004 .0000000000000000 249999.92339129132
 3.0000000000000004 1.1300560915752460 .79696394214225476E-004 .0000000000000000 249999.96075071616
 3.0500000000000003 1.0884226939940131 .12589407362382233E-003 .0000000000000000 249999.99327931387
 3.1000000000000005 1.0412922633749764 .17882525358820016E-003 .0000000000000000 250000.02339612847
 3.1500000000000004 .99159512641695879 .20547921958173995E-003 .0000000000000000 250000.05266836393
 3.2000000000000006 .94242038619216750 .18240992438490683E-003 .0000000000000000 250000.06923109171
 3.2500000000000004 .89682471572864431 .13320712040476519E-003 .0000000000000000 250000.06524980927
 3.3000000000000003 .85764343106880103 .11127112698649208E-003 .0000000000000000 250000.05070980336
 3.3500000000000005 .82731388486854596 .12170576932429615E-003 .0000000000000000 250000.03834925915
 3.4000000000000004 .80772224075294419 .10084921913986555E-003 .0000000000000000 250000.03188641695
 3.4500000000000006 .80008541685171908 .12166149519834336E-004 .0000000000000000 250000.03005034762
 3.5000000000000004 .80487692921130372 -.86388576540765663E-004 .0000000000000000 250000.03163872415
 3.5500000000000003 .82179946347776378 -.12335899412412431E-003 .0000000000000000 250000.03767871496
 3.6000000000000005 .84980283853927951 -.11628992267451867E-003 .0000000000000000 250000.05047525364
 3.6500000000000004 .88714625991965301 -.13244807446444157E-003 .0000000000000000 250000.06857311213
 3.7000000000000006 .93150544121882406 -.18332923874973583E-003 .0000000000000000 250000.08028174783
 3.7500000000000004 .98012103246028570 -.21981487257245465E-003 .0000000000000000 250000.07223145879
 3.8000000000000007 1.0299735190946950 -.20859292647701193E-003 .0000000000000000 250000.04802100966
 3.8500000000000005 1.0779657623305061 -.16146723043805676E-003 .0000000000000000 250000.01886903655
 3.9000000000000004 1.1211088453290239 -.10053657528573779E-003 .0000000000000000 249999.97832904026
 3.9500000000000006 1.1567158419809800 -.31177314580115947E-004 .0000000000000000 249999.91042666795
 4.0000000000000009 1.1825822524132401 .44006281832270749E-004 .0000000000000000 249999.82547151539
 4.0500000000000007 1.1971100790307596 .90812328363135237E-004 .0000000000000000 249999.77942090973
 4.1000000000000005 1.1993790697601370 .38426550926049336E-004 .0000000000000000 249999.84585096908
 4.1500000000000004 1.1892232591137519 -.14815078701377693E-003 .0000000000000000 250000.04300392242
 4.2000000000000002 1.1673006827004690 -.36883235192455149E-003 .0000000000000000 250000.27887948119
 4.2500000000000009 1.1350317270319117 -.42520505729902989E-003 .0000000000000000 250000.39802200938
 4.3000000000000007 1.0943906154778409 -.23098633735692292E-003 .0000000000000000 250000.32144832832
 4.3500000000000005 1.0477809573774592 .58376226207777497E-004 .0000000000000000 250000.14421492757
 4.4000000000000004 .99811132278956260 .21095110691436304E-003 .0000000000000000 250000.04701724817
 4.4500000000000002 .94870870104366434 .17084558161994614E-003 .0000000000000000 250000.08505496508
 4.5000000000000009 .90274045259142532 .74758267642689103E-004 .0000000000000000 250000.14456243502
 4.5500000000000007 .86267239973415799 .69095182134697218E-004 .0000000000000000 250000.13861136558
 4.6000000000000005 .83060709233141350 .15287126803448706E-003 .0000000000000000 250000.10376441374
 4.6500000000000004 .80903320273885870 .17505535614103840E-003 .0000000000000000 250000.08014162237
 4.7000000000000002 .80031106256137541 .32823194156143034E-004 .0000000000000000 250000.05915321689
 4.7500000000000009 .80466088358962551 -.14325414628261774E-003 .0000000000000000 250000.05335003074
 4.8000000000000007 .81910026733244190 -.16633667284089051E-003 .0000000000000000 250000.05382084919
 4.8500000000000005 .83924919684675237 -.75140032676174065E-004 .0000000000000000 250000.01308910444
 4.9000000000000004 .86202901322869707 -.46939001578109194E-005 .0000000000000000 249999.97085126585
 4.9500000000000002 .88614583715936046 .13850018547221838E-004 .0000000000000000 249999.97124880660
 5.0000000000000009 .91078086403777636 .11565964917505048E-009 .0000000000000000 250000.00000000003
