 -5.0000000000000000 3.8571430000000002 3207.3613617638525 .0000000000000000 3916666.0931709171
 -4.9000000000000004 3.8572358728348881 3207.3818512123603 .0000000000000000 3916738.1798185008
 -4.7999999999999998 3.8573302136637952 3207.4030091743020 .0000000000000000 3916810.8533140076
 -4.7000000000000002 3.8574622472823634 3207.4316663331283 .0000000000000000 3916913.1857668851
 -4.5999999999999996 3.8578184369472881 3207.5059624287733 .0000000000000000 3917191.7396703651
 -4.5000000000000000 3.8584002088758567 3207.6335684406495 .0000000000000000 3917641.6879543141
 -4.4000000000000004 3.8575484450528261 3207.4523398419888 .0000000000000000 3916978.6199962664
 -4.2999999999999998 3.8518725078091247 3206.1978766967582 .0000000000000000 3912593.0205073915
 -4.2000000000000002 3.8425181432914406 3204.1431118873725 .0000000000000000 3905348.9326615054
 -4.0999999999999996 3.8399121688673228 3203.5584408679820 .0000000000000000 3903315.6180107286
 -4.0000000000000000 3.8528037162757802 3206.3585283012853 .0000000000000000 3913291.8928426001
 -3.8999999999999999 3.8698868744690698 3210.1780545648580 .0000000000000000 3926503.6712056422
 -3.7999999999999998 3.8665839471607519 3209.4372843411006 .0000000000000000 3924001.6651292178
 -3.6999999999999997 3.8444189858652447 3204.4856680954249 .0000000000000000 3906866.2101005730
 -3.6000000000000001 3.8466020135275207 3205.1127618110704 .0000000000000000 3908343.8267555102
 -3.5000000000000000 3.9037212684878990 3217.0178126609253 .0000000000000000 3952583.0953391413
 -3.3999999999999999 3.9768523940331426 3231.7622623310303 .0000000000000000 4009512.7745225979
 -3.2999999999999998 3.9877535207567050 3234.6284556053856 .0000000000000000 4017937.1315346705
 -3.1999999999999997 3.9050169958068714 3217.7471424789151 .0000000000000000 3953954.4929434536
 -3.1000000000000001 3.7963667669111709 3193.6665423784425 .0000000000000000 3869958.0444234321
 -3.0000000000000000 3.7812257644887453 3189.9898068805919 .0000000000000000 3857605.1901976811
 -2.8999999999999999 3.8938797476673930 3213.9820505308890 .0000000000000000 3944430.8745232881
 -2.7999999999999998 4.0245039112940404 3240.6979692252762 .0000000000000000 4046123.7667600960
 -2.6999999999999997 4.0489277981079628 3245.7595535901069 .0000000000000000 4065566.3267901330
 -2.5999999999999996 3.9653260794767933 3229.1427114782769 .0000000000000000 4001090.8295803708
 -2.5000000000000000 3.8573929201453061 3207.0752647485297 .0000000000000000 3917391.0712293247
 -2.3999999999999999 3.7775305889747717 3190.5536972679242 .0000000000000000 3854772.6145830615
 -2.2999999999999998 3.7115768134638891 3173.7598955467984 .0000000000000000 3804039.3939611460
 -2.1999999999999997 3.6523687865773113 3155.5799993784885 .0000000000000000 3760182.2316866508
 -2.0999999999999996 3.6616587179353366 3158.7893186084821 .0000000000000000 3766524.6960883127
 -1.9999999999999998 3.7880344173911107 3193.6680166721753 .0000000000000000 3860257.7325133909
 -1.8999999999999999 3.9574266832109508 3229.8525951923716 .0000000000000000 3992354.1547675664
 -1.7999999999999998 4.0497752857447269 3241.6243385026874 .0000000000000000 4069901.8205608986
 -1.6999999999999997 4.0427649083080190 3241.3367807019567 .0000000000000000 4063409.6376216463
 -1.5999999999999999 3.9858621333613153 3240.6904011585766 .0000000000000000 4011114.5320109497
 -1.4999999999999998 3.8985667330826255 3221.8702041817414 .0000000000000000 3944018.6224374650
 -1.3999999999999999 3.7826527554454241 3176.9688108933406 .0000000000000000 3866922.8784993999
 -1.2999999999999998 3.6836853452923357 3146.8218581703263 .0000000000000000 3796203.3313549389
 -1.1999999999999997 3.6608834373401362 3170.3856327699104 .0000000000000000 3761811.4495425345
 -1.0999999999999999 3.7077937415487288 3206.8948715409051 .0000000000000000 3779677.1823461032
 -.99999999999999978 3.7601221009653818 3180.9585655130086 .0000000000000000 3844872.8532233201
 -.89999999999999980 3.7805708029265057 3095.9465245554029 .0000000000000000 3921302.8624642878
 -.79999999999999982 3.7902774366641414 3033.5038774424884 .0000000000000000 3969578.1721957522
 -.69999999999999973 3.8122789575152507 3045.1938282142696 .0000000000000000 3991099.0400089868
 -.59999999999999976 3.8339429612082743 3095.9936493574646 .0000000000000000 3972065.2114817491
 -.49999999999999978 3.8683111997261079 3171.6537947511365 .0000000000000000 3920458.1547017810
 -.39999999999999974 3.9079245471318504 3281.1621848299314 .0000000000000000 3910385.6257608626
 -.29999999999999971 3.7830894270418369 3245.8159810608049 .0000000000000000 3848845.1015959894
 -.19999999999999973 3.5308662365638939 3046.7272730695649 .0000000000000000 3692869.7732328279
 -.99999999999999728E-001 3.6081281616046921 3117.1588464942556 .0000000000000000 3753771.2908091508
 .27755575615628914E-015 3.9287392373581667 3344.8466508128154 .0000000000000000 3921311.8633082402
 .10000000000000028 3.9043620827536114 3200.1228763552931 .0000000000000000 3883693.6161102676
 .20000000000000029 3.7928294833668237 3055.9735634877716 .0000000000000000 3969355.8148117117
 .30000000000000027 3.7351535960122293 2890.2487529533400 .0000000000000000 3625065.6483309693
 .40000000000000030 2.8792575288027984 1810.5186138314302 .0000000000000000 1992704.6837401723
 .50000000000000033 1.5397009958331136 453.47958162281475 .0000000000000000 457283.41424952896
 .60000000000000031 .97592444682959922 7.2833998817039358 .0000000000000000 205830.56752911379
 .70000000000000029 .98555829133269257 48.568916592063495 .0000000000000000 311280.90644082602
 .80000000000000027 .86819825308209397 1.4398140446534935 .0000000000000000 239462.19761654112
 .90000000000000036 .77500396441146502 -13.678336689451719 .0000000000000000 237377.57861349056
 1.0000000000000004 .81697695596967057 6.8521846797815522 .0000000000000000 258616.72218764800
 1.1000000000000003 .86381452057870078 -.19950141875418193 .0000000000000000 248745.98436796365
 1.2000000000000004 .93845620557431464 -1.7175342437670025 .0000000000000000 248710.68564495610
 1.3000000000000003 1.0448130815335919 1.0263872826798210 .0000000000000000 250882.92268524747
 1.4000000000000004 1.1319898080080351 -.10353454911451640 .0000000000000000 249911.73079603733
 1.5000000000000004 1.1866357110313335 -.19579800374119355 .0000000000000000 249840.08583879416
 1.6000000000000003 1.1981955029628741 .12790285205154406 .0000000000000000 250099.73517985843
 1.7000000000000004 1.1596790734751898 -.21989846989068994E-001 .0000000000000000 249994.18690563896
 1.8000000000000003 1.0822443873045495 -.17539091345137196E-001 .0000000000000000 249980.77149487581
 1.9000000000000004 .98499181046560058 .15848725260831913E-001 .0000000000000000 250013.64762200322
 2.0000000000000004 .89121491148116805 .10163548112584937E-002 .0000000000000000 249996.62966353571
 2.1000000000000005 .82414685921831865 .12545463267779893E-002 .0000000000000000 249995.07937300333
 2.2000000000000002 .80013625490675733 .12831485158688771E-002 .0000000000000000 249998.21671578893
 2.3000000000000003 .82500294446685307 -.31606324471649808E-002 .0000000000000000 249996.86478381520
 2.4000000000000004 .89271088606104099 -.39789050080007819E-002 .0000000000000000 249998.69031447696
 2.5000000000000004 .98669765986546198 -.23128134170744491E-002 .0000000000000000 250000.57421816717
 2.6000000000000005 1.0839668362388133 -.34007777227436654E-004 .0000000000000000 250001.38062787315
 2.7000000000000006 1.1607021922215848 .13085796324100937E-002 .0000000000000000 250001.73777165535
 2.8000000000000003 1.1980882012116567 .46139867713095210E-004 .0000000000000000 250002.09493687816
 2.9000000000000004 1.1869411025808936 -.22074109557818182E-002 .0000000000000000 250003.03305255898
 3.0000000000000004 1.1299948371327602 -.22485474618333008E-002 .0000000000000000 250003.46578909428
 3.1000000000000005 1.0412400011600793 .33896877900522321E-003 .0000000000000000 250002.00577918094
 3.2000000000000006 .94243336466349725 .31378685638614500E-002 .0000000000000000 249999.38377840535
 3.3000000000000003 .85771612672106046 .38303552982070360E-002 .0000000000000000 249997.26778775681
 3.4000000000000004 .80778191044813430 .18307083789869403E-002 .0000000000000000 249996.36333627143
 3.5000000000000004 .80492520564517123 -.14860607067651904E-002 .0000000000000000 249996.77441416949
 3.6000000000000005 .84993085821799774 -.37474867934013645E-002 .0000000000000000 249998.18414044078
 3.7000000000000006 .93165406385947236 -.35927188248697645E-002 .0000000000000000 249999.94602642269
 3.8000000000000007 1.0298727979001390 -.14614046996098543E-002 .0000000000000000 250001.48676101179
 3.9000000000000004 1.1207130222957233 .93715061664315427E-003 .0000000000000000 250002.03235002424
 4.0000000000000009 1.1824546241291585 .18435738087280410E-002 .0000000000000000 250001.38402373763
 4.1000000000000005 1.1999392500503478 .13871881545632636E-002 .0000000000000000 250000.51185126719
 4.2000000000000002 1.1678531715645224 .12765787906556620E-002 .0000000000000000 250000.06590685810
 4.3000000000000007 1.0934421233482667 .20843688740302727E-002 .0000000000000000 249999.80201861978
 4.4000000000000004 .99653682516986075 .27340505282340208E-002 .0000000000000000 249999.58593643617
 4.5000000000000009 .90358680931193636 .21810902878939137E-002 .0000000000000000 249999.19496474983
 4.6000000000000005 .83681997632512117 .51456835123380883E-003 .0000000000000000 249998.54814179800
 4.7000000000000002 .80561288001224585 -.95818255179527681E-003 .0000000000000000 249998.38445213326
 4.8000000000000007 .80626670348101770 -.12589784507189661E-002 .0000000000000000 249998.80359849843
 4.9000000000000004 .82820184566792143 -.75366311593795445E-003 .0000000000000000 249999.37808116525
 5.0000000000000009 .86078043855087527 -.32319387277025336E-007 .0000000000000000 250000.00000000003
