 -5.0000000000000000 3.8571430000000002 3207.3613309422662 .0000000000000000 3916666.0931709171
 -4.9000000000000004 3.8573748376170753 3207.4117967110665 .0000000000000000 3916845.2579865004
 -4.7999999999999998 3.8576582998950277 3207.4729186946056 .0000000000000000 3917065.6585073625
 -4.7000000000000002 3.8579170785892694 3207.5292234279063 .0000000000000000 3917266.6309898319
 -4.5999999999999996 3.8578274618162149 3207.5159550985140 .0000000000000000 3917191.1334101493
 -4.5000000000000000 3.8556856225800131 3207.0506216769809 .0000000000000000 3915531.1588620842
 -4.4000000000000004 3.8490681830837450 3205.5840775686097 .0000000000000000 3910418.2893647556
 -4.2999999999999998 3.8408198572559464 3203.7698964336378 .0000000000000000 3904027.2302729054
 -4.2000000000000002 3.8420455051793216 3204.0228188395499 .0000000000000000 3904979.6552147861
 -4.0999999999999996 3.8583032451717711 3207.5800863542636 .0000000000000000 3917551.0605885307
 -4.0000000000000000 3.8727619711420909 3210.7981408688083 .0000000000000000 3928715.8368499810
 -3.8999999999999999 3.8620457014955476 3208.3627555338608 .0000000000000000 3920549.3539172332
 -3.7999999999999998 3.8396153608342098 3203.4756780169041 .0000000000000000 3903146.0643008100
 -3.6999999999999997 3.8556251157232726 3207.0629422033976 .0000000000000000 3915174.0914209932
 -3.6000000000000001 3.9267355054434065 3221.5418222649014 .0000000000000000 3970395.8050219333
 -3.5000000000000000 3.9930421322382363 3235.0614233739993 .0000000000000000 4022185.7370877624
 -3.3999999999999999 3.9747073226476064 3232.2810446325507 .0000000000000000 4007885.6425157310
 -3.2999999999999998 3.8658758418161860 3209.4716522919935 .0000000000000000 3923654.8219493381
 -3.1999999999999997 3.7676823618155173 3187.1893934992772 .0000000000000000 3847607.7070493181
 -3.1000000000000001 3.7980637771184735 3192.8619156500877 .0000000000000000 3870413.6580590704
 -3.0000000000000000 3.9427472354302906 3223.2752054440562 .0000000000000000 3982234.3649592120
 -2.8999999999999999 4.0562629704343598 3247.6679911739557 .0000000000000000 4070816.2530785548
 -2.7999999999999998 4.0369674232029613 3244.4560232843050 .0000000000000000 4056752.4511734005
 -2.6999999999999997 3.9249165946063354 3219.5411028742651 .0000000000000000 3970876.3298104969
 -2.5999999999999996 3.8162003024310320 3196.3005392699379 .0000000000000000 3885955.0214045085
 -2.5000000000000000 3.7466396984444050 3185.3231695472959 .0000000000000000 3828838.4617949766
 -2.3999999999999999 3.6858224158397137 3169.9284365398398 .0000000000000000 3781840.1664346433
 -2.2999999999999998 3.6397430329714973 3149.2827420148105 .0000000000000000 3752751.5566592505
 -2.1999999999999997 3.6928998683426419 3162.6991972365304 .0000000000000000 3793393.2167467074
 -2.0999999999999996 3.8646596562621309 3217.2226082778989 .0000000000000000 3914634.4740151274
 -1.9999999999999998 4.0161161118686399 3248.8825071633860 .0000000000000000 4034588.9380291095
 -1.8999999999999999 4.0349596219907831 3224.6722071742565 .0000000000000000 4069178.2138879928
 -1.7999999999999998 3.9975339372934058 3213.8860311338262 .0000000000000000 4039297.8358643414
 -1.6999999999999997 3.9908505145613913 3259.9880604080358 .0000000000000000 4004887.8204449113
 -1.5999999999999999 3.9182884493389065 3257.9181785093265 .0000000000000000 3938365.1933285706
 -1.4999999999999998 3.6905574054585393 3124.1128512932114 .0000000000000000 3809105.5745255472
 -1.3999999999999999 3.4573380012350827 2979.2451926969252 .0000000000000000 3694402.1927435938
 -1.2999999999999998 3.4071186084129250 2958.4266749954968 .0000000000000000 3665533.3345711352
 -1.1999999999999997 3.5123654501907580 3019.4488629173352 .0000000000000000 3728327.7096434804
 -1.0999999999999999 3.6782708160763322 3085.9013222625272 .0000000000000000 3853346.6216964098
 -.99999999999999978 3.9216585303628548 3190.4623173813661 .0000000000000000 3981319.3787725680
 -.89999999999999980 4.1775935506046533 3344.4346389018197 .0000000000000000 4107963.1420127028
 -.79999999999999982 4.1505326686540727 3337.3024074753102 .0000000000000000 4139044.9993637716
 -.69999999999999973 3.8307155769032417 3097.5989114019849 .0000000000000000 3947621.9203913696
 -.59999999999999976 3.7853937365668564 3111.9649997723113 .0000000000000000 3857977.1977895708
 -.49999999999999978 3.9952990375236341 3381.4789005984730 .0000000000000000 3924663.0981280417
 -.39999999999999974 3.4274783224291965 2840.5022770469186 .0000000000000000 3216623.6909874459
 -.29999999999999971 2.0048530305057239 1367.1979946291435 .0000000000000000 1600519.5508030357
 -.19999999999999973 1.0377028628974725 292.05405943824576 .0000000000000000 444277.61558079190
 -.99999999999999728E-001 .95693560853870174 64.473952452855798 .0000000000000000 260052.34471332739
 .27755575615628914E-015 1.0553703613885448 40.874065533926000 .0000000000000000 288771.68882176315
 .10000000000000028 1.0808800974344750 -9.0590091752140971 .0000000000000000 238862.70177623423
 .20000000000000029 1.1604486188756220 -3.5151833568106432 .0000000000000000 245699.71959312659
 .30000000000000027 1.2083951754451625 4.3000787632831612 .0000000000000000 255422.99127331792
 .40000000000000030 1.1790766151903185 -1.6066105455640036 .0000000000000000 247788.95634449326
 .50000000000000033 1.1184273336964863 -.26800666875673196 .0000000000000000 250009.73691343379
 .60000000000000031 1.0298344692200969 .64851946430591689 .0000000000000000 250574.15741067191
 .70000000000000029 .92920926224592504 -.30781768571619228 .0000000000000000 249660.65401439444
 .80000000000000027 .84857603226206735 -.72704221400045344E-002 .0000000000000000 250040.83699200500
 .90000000000000036 .80487256556282560 .97390634527429742E-001 .0000000000000000 250067.79024964027
 1.0000000000000004 .80817544383719886 -.56938098826103643E-001 .0000000000000000 249955.68547572615
 1.1000000000000003 .85893831500049467 .57679046224044794E-002 .0000000000000000 250002.74357485556
 1.2000000000000004 .94415500726440604 .13004723485072877E-001 .0000000000000000 250011.78088432809
 1.3000000000000003 1.0429553009526242 -.79595541844815695E-002 .0000000000000000 249993.15997010941
 1.4000000000000004 1.1313475770439860 .11200496465208487E-002 .0000000000000000 249999.86663274371
 1.5000000000000004 1.1875634507297508 .15620167251083374E-002 .0000000000000000 250001.81047668846
 1.6000000000000003 1.1978286600576598 -.10560057330373325E-002 .0000000000000000 249998.73160578197
 1.7000000000000004 1.1596476270852434 .38290647188992083E-004 .0000000000000000 249999.93450280774
 1.8000000000000003 1.0823675606543561 .21677001738508304E-003 .0000000000000000 250000.02401035352
 1.9000000000000004 .98493705994168379 -.25757762724777543E-004 .0000000000000000 249999.67948243872
 2.0000000000000004 .89122142941015081 .49825217410530008E-003 .0000000000000000 250000.10895926363
 2.1000000000000005 .82414867793835656 .64368426321953476E-003 .0000000000000000 250000.22062126323
 2.2000000000000002 .80011590106107067 -.43269972333418617E-004 .0000000000000000 250000.13640264500
 2.3000000000000003 .82499585960307109 -.61218973310548871E-003 .0000000000000000 250000.19279732677
 2.4000000000000004 .89271031482734198 -.44960842000820416E-003 .0000000000000000 250000.08677759330
 2.5000000000000004 .98670376481544153 -.11256082257732543E-003 .0000000000000000 249999.86426650727
 2.6000000000000005 1.0839754971718520 -.74980467458123592E-004 .0000000000000000 249999.86559997223
 2.7000000000000006 1.1607044421315837 -.39016148467424865E-004 .0000000000000000 249999.89728994918
 2.8000000000000003 1.1980847305082241 .21068225508364923E-003 .0000000000000000 249999.69613569375
 2.9000000000000004 1.1869408684352454 .36495951583442117E-003 .0000000000000000 249999.55188988836
 3.0000000000000004 1.1299999819149942 -.12449782142634388E-003 .0000000000000000 249999.88786790593
 3.1000000000000005 1.0412407368775654 -.12428886536890054E-002 .0000000000000000 250000.66009405383
 3.2000000000000006 .94242986080569202 -.18166406489157480E-002 .0000000000000000 250001.33063955323
 3.3000000000000003 .85772485133036946 -.10343160358591676E-002 .0000000000000000 250001.18579589872
 3.4000000000000004 .80779623139188683 .72003470831128231E-004 .0000000000000000 250000.28262631811
 3.5000000000000004 .80490614495666868 .45111688805624984E-003 .0000000000000000 249999.69596963300
 3.6000000000000005 .84988203266187479 .44415000761325370E-003 .0000000000000000 249999.79513782417
 3.7000000000000006 .93165319471744568 .29117913313804901E-003 .0000000000000000 250000.02675297388
 3.8000000000000007 1.0299485788123059 -.15770672003016215E-003 .0000000000000000 250000.23556949812
 3.9000000000000004 1.1207532417605057 -.50829675976297604E-003 .0000000000000000 250000.32079352680
 4.0000000000000009 1.1823662988988379 -.39620823070113528E-003 .0000000000000000 250000.08014197552
 4.1000000000000005 1.1998438204468447 .99095733026848624E-004 .0000000000000000 249999.71670827360
 4.2000000000000002 1.1679357947013282 .79039247009500156E-003 .0000000000000000 249999.28719020489
 4.3000000000000007 1.0936290912709914 .13446252102590765E-002 .0000000000000000 249998.67317110050
 4.4000000000000004 .99654796204284402 .15362479162659918E-002 .0000000000000000 249998.27032458870
 4.5000000000000009 .90333135686770738 .13021530787139777E-002 .0000000000000000 249998.30280884280
 4.6000000000000005 .83651163945151796 .73606734753679434E-003 .0000000000000000 249998.77378375691
 4.7000000000000002 .80545764987631252 .61583541732724689E-003 .0000000000000000 250000.05451502089
 4.8000000000000007 .80626512835626596 .10884664947416419E-002 .0000000000000000 250001.31748399331
 4.9000000000000004 .82824896287026406 .10474757741225330E-002 .0000000000000000 250001.30692901538
 5.0000000000000009 .86078043855087527 -.29878430236924462E-007 .0000000000000000 250000.00000000003
