 -5.0000000000000000 3.8571430000000002 3207.1353633934782 .0000000000000000 3916666.0931709171
 -4.9500000000000002 3.8570198058049741 3207.1110107963873 .0000000000000000 3916572.3439115025
 -4.9000000000000004 3.8569030395076700 3207.1019203077444 .0000000000000000 3916482.5759349833
 -4.8499999999999996 3.8568894614740845 3207.1272331659948 .0000000000000000 3916462.1660979521
 -4.7999999999999998 3.8572060291513335 3207.1780563400116 .0000000000000000 3916670.2520548585
 -4.7500000000000000 3.8580004491815090 3207.2033517664477 .0000000000000000 3917276.8866148442
 -4.7000000000000002 3.8587776639347977 3207.2743465859035 .0000000000000000 3918013.7996044252
 -4.6500000000000004 3.8585010128510704 3207.5159160738472 .0000000000000000 3917934.2595987022
 -4.5999999999999996 3.8571539707862890 3207.6207024181367 .0000000000000000 3916648.4089049888
 -4.5499999999999998 3.8565469867625510 3207.1500446482214 .0000000000000000 3915736.8571075229
 -4.5000000000000000 3.8579303487917240 3206.6148699435566 .0000000000000000 3917036.8173275692
 -4.4500000000000002 3.8590601377924791 3206.9990634755791 .0000000000000000 3918851.9446249385
 -4.4000000000000004 3.8566825588938625 3207.7474663877724 .0000000000000000 3917099.0214541778
 -4.3499999999999996 3.8530988912410553 3207.2773035706391 .0000000000000000 3912817.7193111442
 -4.2999999999999998 3.8553714055456187 3206.1999155973081 .0000000000000000 3913743.8247498553
 -4.2500000000000000 3.8635116737932922 3206.9827012543251 .0000000000000000 3921961.7580016316
 -4.2000000000000002 3.8652462241820489 3209.0887216452197 .0000000000000000 3925298.6908285609
 -4.1500000000000004 3.8523187629550444 3208.2878091023390 .0000000000000000 3913286.4051489504
 -4.0999999999999996 3.8391212997382618 3203.8018990266687 .0000000000000000 3899511.2227352783
 -4.0499999999999998 3.8502541290946022 3202.6652761048526 .0000000000000000 3909752.9097070456
 -4.0000000000000000 3.8825828438463019 3210.3292533369308 .0000000000000000 3940502.7570012771
 -3.9499999999999997 3.8939030165656332 3217.7483271786373 .0000000000000000 3949017.0846808124
 -3.8999999999999999 3.8522125877370934 3210.1246348680320 .0000000000000000 3907989.7256056094
 -3.8500000000000001 3.7939639367330438 3192.6966216221681 .0000000000000000 3859512.1629967811
 -3.7999999999999998 3.7988320718173751 3189.8256953977734 .0000000000000000 3875198.3414585488
 -3.7500000000000000 3.8928076743921549 3210.7401860089440 .0000000000000000 3958355.4176616929
 -3.6999999999999997 4.0091354427590877 3238.2009021900381 .0000000000000000 4035179.2949314006
 -3.6499999999999999 4.0561847472085750 3253.2368464009182 .0000000000000000 4049598.3986207023
 -3.6000000000000001 3.9893886085969883 3242.9919933832221 .0000000000000000 4005566.7742407979
 -3.5499999999999998 3.8284054377524117 3197.9641128146100 .0000000000000000 3917883.1192501211
 -3.5000000000000000 3.6605824088311807 3141.7832870681232 .0000000000000000 3800641.9142791983
 -3.4499999999999997 3.6016608953978291 3133.2742478931386 .0000000000000000 3711706.3102350705
 -3.3999999999999999 3.6791566257148940 3186.3216778866804 .0000000000000000 3728725.0114121460
 -3.3500000000000001 3.7896493627860410 3228.8430316846443 .0000000000000000 3846137.4415351665
 -3.2999999999999998 3.8434070428599503 3202.8480144476734 .0000000000000000 3956382.2735084603
 -3.2500000000000000 3.8895597373461666 3162.5741677502219 .0000000000000000 3987459.5310290148
 -3.1999999999999997 4.0087370720527273 3201.0091875322460 .0000000000000000 4000410.8426426281
 -3.1499999999999999 4.1456621280487829 3301.7017441856860 .0000000000000000 4072614.3146657976
 -3.1000000000000001 4.1599602933386617 3339.2291412446625 .0000000000000000 4147729.6748882183
 -3.0499999999999998 4.0245016075541065 3244.5006127588063 .0000000000000000 4110423.9929056009
 -3.0000000000000000 3.8831456324063054 3116.5079966663670 .0000000000000000 3979252.0254440992
 -2.9499999999999997 3.8885388216616943 3119.4369276711786 .0000000000000000 3911792.1709621507
 -2.8999999999999999 4.0231316086082494 3277.4658774343670 .0000000000000000 3993326.3175281868
 -2.8500000000000001 4.1106393437383160 3421.3013290683261 .0000000000000000 4103613.0991962915
 -2.7999999999999998 4.0015306659411811 3366.2173540384338 .0000000000000000 4053720.7534106034
 -2.7500000000000000 3.7343452980247704 3125.5563938488635 .0000000000000000 3823688.6926577049
 -2.6999999999999997 3.5087583862140121 2919.6530165721201 .0000000000000000 3614438.3193763308
 -2.6499999999999999 3.4951826312304801 2956.9511649446581 .0000000000000000 3639726.5894348864
 -2.5999999999999996 3.6650482549842653 3202.3671329098802 .0000000000000000 3864188.6216626200
 -2.5499999999999998 3.8226669924282168 3394.5750278502273 .0000000000000000 4003893.4997703293
 -2.5000000000000000 3.8254858683824775 3338.5401190607195 .0000000000000000 3856681.4736564918
 -2.4499999999999997 3.7442183835375973 3147.6308015362852 .0000000000000000 3588824.5688004005
 -2.3999999999999999 3.7470565723765681 3100.5648917902886 .0000000000000000 3575259.2271584887
 -2.3499999999999996 3.8445930822949053 3255.4862987460124 .0000000000000000 3921103.9259232255
 -2.2999999999999998 3.8551500369680460 3334.7381533281405 .0000000000000000 4240644.5539967706
 -2.2500000000000000 3.6820251959426380 3100.6186573866439 .0000000000000000 4090638.0314523461
 -2.1999999999999997 3.5425998913879799 2774.6185999352078 .0000000000000000 3636270.7783387299
 -2.1499999999999999 3.7685146582187095 2858.8720253097954 .0000000000000000 3548321.5532898107
 -2.0999999999999996 4.3403770581965064 3455.1403824865483 .0000000000000000 4085402.6544211539
 -2.0499999999999998 4.7732678702958342 3996.2622187679872 .0000000000000000 4666844.6014088513
 -1.9999999999999998 4.6023548907298819 3857.1786171273725 .0000000000000000 4572396.4982797708
 -1.9499999999999997 3.9231685364534754 3103.4200816199495 .0000000000000000 3817565.1488481858
 -1.8999999999999999 3.3351687726739430 2468.4818406236923 .0000000000000000 3187785.7061828538
 -1.8499999999999999 3.3338670124205172 2590.6466008388775 .0000000000000000 3405701.0771133844
 -1.7999999999999998 3.7922168180435625 3292.0399799461620 .0000000000000000 4232474.1837675562
 -1.7499999999999998 4.1071800507532847 3727.2881744384499 .0000000000000000 4620718.7249957677
 -1.6999999999999997 3.8977115580819510 3376.4738972672153 .0000000000000000 3998392.1975757694
 -1.6499999999999999 3.4348124698139064 2678.1706692991206 .0000000000000000 3020239.8174942927
 -1.5999999999999999 3.2727943564967994 2470.5296317812731 .0000000000000000 2749291.7074404075
 -1.5499999999999998 3.5824356921768699 3022.3246679455006 .0000000000000000 3505383.1842861562
 -1.4999999999999998 3.9575113393521786 3731.9341874289385 .0000000000000000 4559516.2232887354
 -1.4499999999999997 3.8218648196685536 3678.2149289132544 .0000000000000000 4679022.3323587067
 -1.3999999999999999 3.0243095135189941 2592.8370019319955 .0000000000000000 3378519.8707638900
 -1.3499999999999999 2.0121482452866064 1204.3321963175749 .0000000000000000 1609674.2658317096
 -1.2999999999999998 1.3301891631303115 337.81628604980477 .0000000000000000 555591.15950073267
 -1.2499999999999998 1.0895503007753280 59.423728046173260 .0000000000000000 287333.71305910178
 -1.1999999999999997 1.0712262839670199 10.764839975807657 .0000000000000000 263506.76596991345
 -1.1499999999999997 1.1025861463804867 -.89959954543063114 .0000000000000000 248489.77196064827
 -1.0999999999999999 1.1397607373146454 -1.2335129441125261 .0000000000000000 248020.17761903716
 -1.0499999999999998 1.1718997364523549 .35537637629024732 .0000000000000000 250925.14108606247
 -.99999999999999978 1.1919063283132347 -.63389449622141686E-002 .0000000000000000 249859.37512090610
 -.94999999999999973 1.1997734214005302 -.43004744766511109E-001 .0000000000000000 249935.73134000142
 -.89999999999999980 1.1955434151610791 .41673790678873751E-001 .0000000000000000 250084.11921268236
 -.84999999999999976 1.1790051679405118 -.88746021974586177E-002 .0000000000000000 249964.00892734554
 -.79999999999999982 1.1513470913962909 -.40037088383830461E-002 .0000000000000000 250005.64327517126
 -.74999999999999978 1.1143151061305423 .44048020552696259E-002 .0000000000000000 250003.59132472798
 -.69999999999999973 1.0701550903827359 -.14989425770679417E-002 .0000000000000000 249996.45316616754
 -.64999999999999980 1.0216370287645178 .46786566449339524E-004 .0000000000000000 250001.57109717128
 -.59999999999999976 .97177698767087306 .64194666525373590E-003 .0000000000000000 249999.79017592041
 -.54999999999999971 .92366891885831681 -.91900540005505587E-004 .0000000000000000 249999.92793004122
 -.49999999999999978 .88030637212302321 .19552251219437779E-003 .0000000000000000 250000.20741109221
 -.44999999999999973 .84438593662580153 .15742613979135531E-003 .0000000000000000 249999.98518318398
 -.39999999999999974 .81814171418940596 .92826758708195874E-004 .0000000000000000 250000.06749419056
 -.34999999999999976 .80320529423470743 .81026577804775630E-004 .0000000000000000 250000.06359019768
 -.29999999999999971 .80050381830890482 -.30475115882934286E-004 .0000000000000000 250000.05325343256
 -.24999999999999972 .81020485145779730 -.10761172847168630E-003 .0000000000000000 250000.05898230150
 -.19999999999999973 .83170646284234351 -.12863317434273446E-003 .0000000000000000 250000.05225294470
 -.14999999999999974 .86367285704522734 -.13424993959000090E-003 .0000000000000000 250000.05442790498
 -.99999999999999728E-001 .90411601733188551 -.15381345150995861E-003 .0000000000000000 250000.06458404358
 -.49999999999999725E-001 .95052013087481213 -.17717821631037180E-003 .0000000000000000 250000.06734500307
 .27755575615628914E-015 .99999973228102257 -.17081343523011816E-003 .0000000000000000 250000.04648695281
 .50000000000000280E-001 1.0494792952588075 -.13061262696840962E-003 .0000000000000000 250000.00911446189
 .10000000000000028 1.0958832153065039 -.77317591450600835E-004 .0000000000000000 249999.97473625411
 .15000000000000030 1.1363262365937201 -.31652764355959265E-004 .0000000000000000 249999.94579665040
 .20000000000000029 1.1682932239428616 -.54365539982948606E-005 .0000000000000000 249999.91322065046
 .25000000000000028 1.1897962556531965 .18327893611308697E-005 .0000000000000000 249999.87921212261
 .30000000000000027 1.1994984084280649 -.56580620952258123E-006 .0000000000000000 249999.85907558547
 .35000000000000031 1.1967965808741017 -.41472392549575082E-005 .0000000000000000 249999.86471214771
 .40000000000000030 1.1818587177801494 -.22272253001021330E-005 .0000000000000000 249999.89259019599
 .45000000000000029 1.1556134483832436 .14170700432324188E-004 .0000000000000000 249999.92737365759
 .50000000000000033 1.1196926926899642 .50617108971238913E-004 .0000000000000000 249999.95792554252
 .55000000000000027 1.0763303501919150 .10158572399139361E-003 .0000000000000000 249999.98855961009
 .60000000000000031 1.0282229567742756 .15146822978949199E-003 .0000000000000000 250000.02628659960
 .65000000000000036 .97836130314534342 .17866673918358331E-003 .0000000000000000 250000.05952029428
 .70000000000000029 .92984454466098976 .16974552650172745E-003 .0000000000000000 250000.06925484713
 .75000000000000033 .88568870262602761 .14219136853927869E-003 .0000000000000000 250000.05972100230
 .80000000000000027 .84864000500868109 .12910837896353922E-003 .0000000000000000 250000.05219111644
 .85000000000000031 .82100315210420416 .12366750131224898E-003 .0000000000000000 250000.05412642096
 .90000000000000036 .80449628249447580 .78527887098923902E-004 .0000000000000000 250000.05802253273
 .95000000000000029 .80014427424302059 -.15136228654783103E-004 .0000000000000000 250000.05901796039
 1.0000000000000004 .80821706150577433 -.98608077255169725E-004 .0000000000000000 250000.05690538726
 1.0500000000000003 .82821381220203905 -.12722539037014321E-003 .0000000000000000 250000.05280685535
 1.1000000000000003 .85889248164254928 -.12909623754781493E-003 .0000000000000000 250000.05299704379
 1.1500000000000004 .89834529712742506 -.14753177338143700E-003 .0000000000000000 250000.06223850063
 1.2000000000000004 .94411796639313295 -.17378081025888712E-003 .0000000000000000 250000.06764396562
 1.2500000000000004 .99336409889573951 -.17263455327996816E-003 .0000000000000000 250000.04995609401
 1.3000000000000003 1.0430226218146477 -.13611044499092738E-003 .0000000000000000 250000.01326542773
 1.3500000000000003 1.0900069092592637 -.83901248645874244E-004 .0000000000000000 249999.97805542441
 1.4000000000000004 1.1313957297229023 -.37610012721612176E-004 .0000000000000000 249999.94974261543
 1.4500000000000004 1.1646151469650798 -.96070860912259871E-005 .0000000000000000 249999.91891674924
 1.5000000000000004 1.1875993103162870 -.37199421645996063E-006 .0000000000000000 249999.88522661431
 1.5500000000000003 1.1989191695416523 -.11031262211991768E-005 .0000000000000000 249999.86272266545
 1.6000000000000003 1.1978710543535285 -.34263984551745912E-005 .0000000000000000 249999.86446253597
 1.6500000000000004 1.1845201160701861 -.16629835854017916E-005 .0000000000000000 249999.88929235964
 1.7000000000000004 1.1596963057817220 .12387776663827708E-004 .0000000000000000 249999.92311444657
 1.7500000000000004 1.1249431092103277 .45375814632761332E-004 .0000000000000000 249999.95350034488
 1.8000000000000003 1.0824218025401957 .93996563750520386E-004 .0000000000000000 249999.98316919335
 1.8500000000000003 1.0347767015948348 .14468361195504759E-003 .0000000000000000 250000.02050427647
 1.9000000000000004 .98496997670526176 .17598100711785136E-003 .0000000000000000 250000.05606350940
 1.9500000000000004 .93609736901643226 .17058703773227400E-003 .0000000000000000 250000.06908505669
 2.0000000000000004 .89119684869510851 .14173738452402204E-003 .0000000000000000 250000.06049579068
 2.0500000000000003 .85306080732448886 .12583922446886091E-003 .0000000000000000 250000.05198138324
 2.1000000000000005 .82406167338718017 .12399522945775294E-003 .0000000000000000 250000.05344164185
 2.1500000000000004 .80600252604612155 .87879874278930098E-004 .0000000000000000 250000.05776636896
 2.2000000000000002 .80000477211871279 -.18599180934300103E-005 .0000000000000000 250000.05923550916
 2.2500000000000004 .80644043523995279 -.90186743575469176E-004 .0000000000000000 250000.05750245383
 2.3000000000000003 .82491033271464520 -.12374388866292994E-003 .0000000000000000 250000.05328708605
 2.3500000000000005 .85426749890409415 -.12460717369596258E-003 .0000000000000000 250000.05218406668
 2.4000000000000004 .89268651912070895 -.14131650772509314E-003 .0000000000000000 250000.06079530838
 2.4500000000000006 .93777734178510519 -.17076213126872373E-003 .0000000000000000 250000.06875372876
 2.5000000000000004 .98673578637758519 -.17540657230329841E-003 .0000000000000000 250000.05472328616
 2.5500000000000003 1.0365185931236347 -.14282655909237508E-003 .0000000000000000 250000.01884379124
 2.6000000000000005 1.0840315042884203 -.91546770331394506E-004 .0000000000000000 249999.98206650125
 2.6500000000000004 1.1263205338148534 -.43483728082091087E-004 .0000000000000000 249999.95282144516
 2.7000000000000006 1.1607557891973423 -.11830133711498144E-004 .0000000000000000 249999.92222282360
 2.7500000000000004 1.1851957719437489 .10053221207412461E-005 .0000000000000000 249999.88822750220
 2.8000000000000003 1.1981208772855561 .23556148997966251E-005 .0000000000000000 249999.86391217224
 2.8500000000000005 1.1987276330162946 .35992790729963775E-006 .0000000000000000 249999.86312582757
 2.9000000000000004 1.1869783192540611 .30804083185823215E-006 .0000000000000000 249999.88629858577
 2.9500000000000006 1.1636033045694580 .10327156456889915E-004 .0000000000000000 249999.91998308158
 3.0000000000000004 1.1300559570162467 .38961317823631503E-004 .0000000000000000 249999.95045354264
 3.0500000000000003 1.0884225311917113 .85458384089704805E-004 .0000000000000000 249999.97872816955
 3.1000000000000005 1.0412921554636478 .13733010246699625E-003 .0000000000000000 250000.01425724168
 3.1500000000000004 .99159511739715200 .17285487817257137E-003 .0000000000000000 250000.05081576490
 3.2000000000000006 .94242044113498458 .17258012835699260E-003 .0000000000000000 250000.06764687496
 3.2500000000000004 .89682476632263330 .14561281207738343E-003 .0000000000000000 250000.06162121630
 3.3000000000000003 .85764346193808438 .12774169248049849E-003 .0000000000000000 250000.05261236877
 3.3500000000000005 .82731397247310434 .12615799272974477E-003 .0000000000000000 250000.05293609831
 3.4000000000000004 .80772245414341681 .96046527447363964E-004 .0000000000000000 250000.05736421526
 3.4500000000000006 .80008566735891229 .10771705757595092E-004 .0000000000000000 250000.05984884049
 3.5000000000000004 .80487705860461745 -.82844534563375439E-004 .0000000000000000 250000.05966100504
 3.5500000000000003 .82179953154021346 -.12738094340361187E-003 .0000000000000000 250000.05749274316
 3.6000000000000005 .84980303971155491 -.13483258477399833E-003 .0000000000000000 250000.05852945641
 3.6500000000000004 .88714644129621234 -.15251944213760595E-003 .0000000000000000 250000.06971147639
 3.7000000000000006 .93150524809932755 -.18406150843988515E-003 .0000000000000000 250000.08236610831
 3.7500000000000004 .98012077619516957 -.19468293577493682E-003 .0000000000000000 250000.07435556268
 3.8000000000000007 1.0299738934572220 -.16646116170580762E-003 .0000000000000000 250000.03975505396
 3.8500000000000005 1.0779661731037635 -.10628460804173110E-003 .0000000000000000 249999.99171582950
 3.9000000000000004 1.1211078280426494 -.23818715925379338E-004 .0000000000000000 249999.93356119067
 3.9500000000000006 1.1567143126224559 .60874479976018783E-004 .0000000000000000 249999.86225763155
 4.0000000000000009 1.1825832953320259 .97502274916610773E-004 .0000000000000000 249999.80961546602
 4.0500000000000007 1.1971129716269409 .22921081104562075E-004 .0000000000000000 249999.84693271157
 4.1000000000000005 1.1993783125625341 -.17775184762313539E-003 .0000000000000000 250000.01269344107
 4.1500000000000004 1.1892186921426064 -.41137762229431692E-003 .0000000000000000 250000.23336685839
 4.2000000000000002 1.1673015290680460 -.50243163061902208E-003 .0000000000000000 250000.35467409572
 4.2500000000000009 1.1350405067367799 -.34489885511410729E-003 .0000000000000000 250000.28624667757
 4.3000000000000007 1.0943920942032996 -.44481784571914140E-004 .0000000000000000 250000.10603525632
 4.3500000000000005 1.0477656445889971 .16503404965952746E-003 .0000000000000000 249999.99257539486
 4.4000000000000004 .99810111633182663 .17521743016807800E-003 .0000000000000000 250000.03801720880
 4.4500000000000002 .94872816242795444 .91678916176938919E-004 .0000000000000000 250000.14806777664
 4.5000000000000009 .90276591162951625 .61852284692530242E-004 .0000000000000000 250000.17618811969
 4.5500000000000007 .86265573696546827 .12055842056374093E-003 .0000000000000000 250000.11907244468
 4.6000000000000005 .83056123133751869 .19671776831604418E-003 .0000000000000000 250000.07561779596
 4.6500000000000004 .80903404449337046 .17886832946012115E-003 .0000000000000000 250000.07261302945
 4.7000000000000002 .80037533041469455 .30117104652911438E-004 .0000000000000000 250000.07257891734
 4.7500000000000009 .80467866825629430 -.12141966546955656E-003 .0000000000000000 250000.07515660190
 4.8000000000000007 .81895230058919422 -.13583939314134753E-003 .0000000000000000 250000.06868712619
 4.8500000000000005 .83895356142612731 -.59740846938796433E-004 .0000000000000000 250000.02173713976
 4.9000000000000004 .86171771252882157 -.37274209220918941E-005 .0000000000000000 249999.97527287356
 4.9500000000000002 .88594950652810500 .10556296529085104E-004 .0000000000000000 249999.97047105836
 5.0000000000000009 .91078086403777636 .11819158735667061E-009 .0000000000000000 250000.00000000003
