 -5.0000000000000000 3.8571430000000002 3207.3613272703715 .0000000000000000 3916666.0931709171
 -4.9000000000000004 3.8573106134746027 3207.3978849245786 .0000000000000000 3916795.9557547118
 -4.7999999999999998 3.8575141706244307 3207.4421209292859 .0000000000000000 3916953.8276151163
 -4.7000000000000002 3.8577759636559801 3207.4973483633885 .0000000000000000 3917158.3985685962
 -4.5999999999999996 3.8581581301264460 3207.5793729038874 .0000000000000000 3917453.9221187183
 -4.5000000000000000 3.8578760065342359 3207.5245424203745 .0000000000000000 3917229.8505946221
 -4.4000000000000004 3.8542508253195815 3206.7300310575597 .0000000000000000 3914430.3545236117
 -4.2999999999999998 3.8458118553334533 3204.8709863180698 .0000000000000000 3907897.8163041691
 -4.2000000000000002 3.8393697822980526 3203.4555766692424 .0000000000000000 3902894.3827209058
 -4.0999999999999996 3.8465337277124787 3204.9830061698176 .0000000000000000 3908448.2302341629
 -4.0000000000000000 3.8650668988093364 3209.0603517748523 .0000000000000000 3922767.8702573278
 -3.8999999999999999 3.8716811635373118 3210.5916776100880 .0000000000000000 3927898.7935267095
 -3.7999999999999998 3.8527038831613476 3206.3434456417467 .0000000000000000 3913325.2078946433
 -3.6999999999999997 3.8391327437888236 3203.3720934299049 .0000000000000000 3902663.6170133585
 -3.6000000000000001 3.8770440918335498 3211.4340454834005 .0000000000000000 3931807.2610120038
 -3.5000000000000000 3.9549919993648293 3227.3886510998195 .0000000000000000 3992456.4312838139
 -3.3999999999999999 3.9970705270686979 3236.3980687245416 .0000000000000000 4025234.3038686272
 -3.2999999999999998 3.9427871076808105 3225.5920365802076 .0000000000000000 3983213.2335302746
 -3.1999999999999997 3.8259260153933048 3200.1149097983866 .0000000000000000 3892916.8105567140
 -3.1000000000000001 3.7660511853514822 3186.9090649711416 .0000000000000000 3845936.6377398586
 -3.0000000000000000 3.8440587129150052 3203.7140751716397 .0000000000000000 3905597.4866865966
 -2.8999999999999999 3.9896146432436668 3233.2514723681247 .0000000000000000 4019278.3427856793
 -2.7999999999999998 4.0587738606701658 3247.1111641477014 .0000000000000000 4073834.5244923285
 -2.6999999999999997 4.0035604015929733 3237.4277193383114 .0000000000000000 4030129.7878586319
 -2.5999999999999996 3.8916433171781284 3215.1230600552085 .0000000000000000 3942576.5667445683
 -2.5000000000000000 3.7934448843403836 3191.9255555134391 .0000000000000000 3867908.1404711832
 -2.3999999999999999 3.7214814249263584 3173.3506221440830 .0000000000000000 3814000.9129389776
 -2.2999999999999998 3.6691069897507695 3163.6514126845368 .0000000000000000 3771840.9097214644
 -2.1999999999999997 3.6603862918530998 3165.1079110047399 .0000000000000000 3761721.8432028843
 -2.0999999999999996 3.7362090290301464 3177.5254710993781 .0000000000000000 3822677.6921442328
 -1.9999999999999998 3.8900741064379694 3205.6522908626594 .0000000000000000 3946192.6851060395
 -1.8999999999999999 4.0378623065965469 3244.8588075070957 .0000000000000000 4055057.6097857924
 -1.7999999999999998 4.0794843201183593 3261.9922968376118 .0000000000000000 4080928.1857103119
 -1.6999999999999997 3.9985914542587637 3232.5481387720429 .0000000000000000 4030081.4085544832
 -1.5999999999999999 3.8830096423597538 3191.4476091716851 .0000000000000000 3954396.2860757229
 -1.4999999999999998 3.8229868882302060 3196.1962574919444 .0000000000000000 3893569.1371151251
 -1.3999999999999999 3.7904184264945404 3225.1929553668101 .0000000000000000 3842669.7965471009
 -1.2999999999999998 3.6845884224897181 3182.5947444932317 .0000000000000000 3771582.2838363624
 -1.1999999999999997 3.5336647799799450 3062.7109749954370 .0000000000000000 3707781.2861365667
 -1.0999999999999999 3.5025880341220454 2986.8237433071431 .0000000000000000 3730739.2695513475
 -.99999999999999978 3.6318005201362129 3005.3369063614105 .0000000000000000 3839577.3243971285
 -.89999999999999980 3.7994929266491257 3062.5390130292744 .0000000000000000 3954983.5069616642
 -.79999999999999982 3.9603719019420298 3164.3557505910944 .0000000000000000 4046496.7609720035
 -.69999999999999973 4.1029717280397762 3303.8162890385934 .0000000000000000 4094650.3354265294
 -.59999999999999976 4.0615487547106248 3315.1341754937466 .0000000000000000 4020275.3220405108
 -.49999999999999978 3.7912957291257721 3159.1953109259516 .0000000000000000 3873717.1058540992
 -.39999999999999974 3.6181863978635516 3103.0451262828756 .0000000000000000 3819819.4200160089
 -.29999999999999971 3.7291028078232320 3226.2347146497277 .0000000000000000 3791948.4096376030
 -.19999999999999973 3.8174571739187546 3274.5749992817978 .0000000000000000 3757597.3164023072
 -.99999999999999728E-001 3.5547591028232404 3027.2644403914446 .0000000000000000 3670758.0344773098
 .27755575615628914E-015 2.8624636212367776 2215.3808547425460 .0000000000000000 2794043.4441166678
 .10000000000000028 1.9429501565386591 974.96326485468683 .0000000000000000 1164131.9937288880
 .20000000000000029 1.3235140086754915 159.35508900453684 .0000000000000000 245985.98463689737
 .30000000000000027 1.2056023442516868 20.945507957016616 .0000000000000000 259128.10428074564
 .40000000000000030 1.2060361043876964 22.723179585208271 .0000000000000000 281539.40183958656
 .50000000000000033 1.1147355601386562 -10.127233965108552 .0000000000000000 231070.21694731282
 .60000000000000031 1.0219096717964236 -1.5329389795726134 .0000000000000000 252016.66217262633
 .70000000000000029 .93443672425607738 3.2565833731637865 .0000000000000000 252921.65166274164
 .80000000000000027 .84783362311496635 -1.5487444492835793 .0000000000000000 247927.14044053029
 .90000000000000036 .80378179063499866 .92167950204435967E-001 .0000000000000000 250555.13792888122
 1.0000000000000004 .80912836700621737 .37376241321972820 .0000000000000000 250121.74769094348
 1.1000000000000003 .85864161462027355 -.26201296795035989 .0000000000000000 249828.37678712374
 1.2000000000000004 .94407201804142959 .69176514086805793E-001 .0000000000000000 250054.97586634607
 1.3000000000000003 1.0430983795614066 .22385055013291744E-001 .0000000000000000 250013.43185304294
 1.4000000000000004 1.1312725358236708 -.31261517603310904E-001 .0000000000000000 249982.11123672931
 1.5000000000000004 1.1875727768327515 .15000641239712818E-001 .0000000000000000 250007.98567568060
 1.6000000000000003 1.1978409849893366 -.14893838431182024E-002 .0000000000000000 250001.69364355796
 1.7000000000000004 1.1596332935195133 -.32695916652430322E-002 .0000000000000000 249997.87329655839
 1.8000000000000003 1.0823716180393956 .19521668427574122E-002 .0000000000000000 250003.05801607828
 1.9000000000000004 .98493574670750916 .25710588349478231E-003 .0000000000000000 250000.49663069987
 2.0000000000000004 .89121995937130760 .11408435606039243E-002 .0000000000000000 249999.07721291797
 2.1000000000000005 .82415254331295440 .15785472407689807E-002 .0000000000000000 249998.42172110121
 2.2000000000000002 .80011986848232197 -.81141423061883555E-004 .0000000000000000 249997.34790743864
 2.3000000000000003 .82499862257591894 -.13400364834136166E-002 .0000000000000000 249998.02472003023
 2.4000000000000004 .89271086076731898 -.14201803281360891E-002 .0000000000000000 249999.57036191472
 2.5000000000000004 .98670229534876897 -.81507786353121245E-003 .0000000000000000 250000.86111809549
 2.6000000000000005 1.0839734266369911 .57344895821804017E-004 .0000000000000000 250001.35640315653
 2.7000000000000006 1.1607029937293318 .69460584428788943E-003 .0000000000000000 250000.77266059656
 2.8000000000000003 1.1980841206472042 .49089285630495440E-003 .0000000000000000 250000.14405249944
 2.9000000000000004 1.1869398752070444 -.55533756986594364E-003 .0000000000000000 250000.82706980439
 3.0000000000000004 1.1299992419447205 -.15506880276644288E-002 .0000000000000000 250002.31924639840
 3.1000000000000005 1.0412436579342703 -.15342779712167989E-002 .0000000000000000 250002.68892518210
 3.2000000000000006 .94243381634154111 -.31576235352541741E-003 .0000000000000000 250001.12948675622
 3.3000000000000003 .85771973616584840 .11065350575901469E-002 .0000000000000000 249998.65947036227
 3.4000000000000004 .80778499536918968 .11931599096942941E-002 .0000000000000000 249996.90109598919
 3.5000000000000004 .80491128977104542 -.97169233430131864E-004 .0000000000000000 249997.02545377298
 3.6000000000000005 .84990641023406932 -.11715884453553417E-002 .0000000000000000 249998.73727399728
 3.7000000000000006 .93165755640181636 -.11631630666950833E-002 .0000000000000000 250000.69106836841
 3.8000000000000007 1.0299127049615824 -.49946234149191796E-003 .0000000000000000 250001.84248766999
 3.9000000000000004 1.1207314367120447 .20330668861733421E-003 .0000000000000000 250001.66395393386
 4.0000000000000009 1.1824103280630265 .51388811812908117E-003 .0000000000000000 250000.56921416247
 4.1000000000000005 1.1998946063056173 .61125206498120104E-003 .0000000000000000 249999.78452379612
 4.2000000000000002 1.1678946717128293 .11076033885207143E-002 .0000000000000000 249999.64175160331
 4.3000000000000007 1.0935314218349548 .18717726921477977E-002 .0000000000000000 249999.45658684956
 4.4000000000000004 .99654163561095233 .21519409662840872E-002 .0000000000000000 249999.04388539601
 4.5000000000000009 .90346384575597571 .14740479524612442E-002 .0000000000000000 249998.51821282637
 4.6000000000000005 .83666565871277077 .13717449990539076E-003 .0000000000000000 249998.15815255116
 4.7000000000000002 .80552310511223124 -.60446910690129506E-003 .0000000000000000 249998.76454061858
 4.8000000000000007 .80624779497584342 -.25524322185976363E-003 .0000000000000000 249999.88516309080
 4.9000000000000004 .82821224960155027 .16194653382375993E-003 .0000000000000000 250000.36248557718
 5.0000000000000009 .86078043855087527 -.30683924901608651E-007 .0000000000000000 250000.00000000003
