 -5.0000000000000000 3.8571430000000002 3207.3614396604207 .0000000000000000 3916666.0931709171
 -4.9000000000000004 3.8571612830981303 3207.3654036705184 .0000000000000000 3916680.2251324444
 -4.7999999999999998 3.8571632793336512 3207.3656085091602 .0000000000000000 3916681.9806703948
 -4.7000000000000002 3.8571247440999938 3207.3569999964857 .0000000000000000 3916652.4077082239
 -4.5999999999999996 3.8570206674271947 3207.3352613190991 .0000000000000000 3916570.4653457101
 -4.5000000000000000 3.8571015154824444 3207.3538899539553 .0000000000000000 3916632.3150448576
 -4.4000000000000004 3.8579726096795244 3207.5425038880780 .0000000000000000 3917309.0288436688
 -4.2999999999999998 3.8590698434469508 3207.7855486716599 .0000000000000000 3918155.1424533580
 -4.2000000000000002 3.8568413824729038 3207.2969185762136 .0000000000000000 3916431.8027610625
 -4.0999999999999996 3.8484937677063629 3205.4534188652633 .0000000000000000 3909978.8376693297
 -4.0000000000000000 3.8398497868830583 3203.5552043568432 .0000000000000000 3903281.6787950806
 -3.8999999999999999 3.8432364620856294 3204.2736454866667 .0000000000000000 3905901.8584669507
 -3.7999999999999998 3.8600279952701517 3207.9480122038485 .0000000000000000 3918881.7575552361
 -3.6999999999999997 3.8705634510532696 3210.3282510032332 .0000000000000000 3927030.9917727397
 -3.6000000000000001 3.8573925409259493 3207.3886089768475 .0000000000000000 3916926.3485663785
 -3.5000000000000000 3.8406816639100039 3203.7073242105498 .0000000000000000 3903907.5309990225
 -3.3999999999999999 3.8645859714783555 3208.9012154372081 .0000000000000000 3922178.0740292175
 -3.2999999999999998 3.9334409261741587 3223.0710212075724 .0000000000000000 3975684.1546403826
 -3.1999999999999997 3.9880006638886867 3234.3476935076519 .0000000000000000 4018230.9195122663
 -3.1000000000000001 3.9637878455502822 3229.9999664178258 .0000000000000000 3999436.9595395406
 -3.0000000000000000 3.8658731293545525 3209.1948926574742 .0000000000000000 3923717.0055020587
 -2.8999999999999999 3.7851825847380258 3191.1502203726345 .0000000000000000 3861047.9775827806
 -2.7999999999999998 3.8171480327487712 3197.8319482499137 .0000000000000000 3885065.1944547594
 -2.6999999999999997 3.9429384362204218 3224.0868459426702 .0000000000000000 3982592.8850600198
 -2.5999999999999996 4.0389464468021199 3243.8388811175191 .0000000000000000 4057863.5279820743
 -2.5000000000000000 4.0228054367539459 3241.3904572206734 .0000000000000000 4045656.9925134750
 -2.3999999999999999 3.9293391659960180 3222.4931051279200 .0000000000000000 3973021.8328749449
 -2.2999999999999998 3.8356607190594034 3202.1784534415965 .0000000000000000 3900106.2347851414
 -2.1999999999999997 3.7680399861796348 3187.0816718993087 .0000000000000000 3847382.8398585599
 -2.0999999999999996 3.7033062603503724 3171.2508973315962 .0000000000000000 3797840.0977073461
 -1.9999999999999998 3.6501596162914209 3157.2423550173762 .0000000000000000 3757670.4987023338
 -1.8999999999999999 3.6816301456730987 3165.2632828376431 .0000000000000000 3781231.0022855150
 -1.7999999999999998 3.8289962224428749 3200.1506796259514 .0000000000000000 3893631.1743683009
 -1.6999999999999997 3.9956233974033686 3235.0278392166188 .0000000000000000 4023148.9199484773
 -1.5999999999999999 4.0616798041913329 3246.4308774922406 .0000000000000000 4076465.2618339951
 -1.4999999999999998 4.0198577241521463 3238.5391233626101 .0000000000000000 4044355.4113280089
 -1.3999999999999999 3.9411369984528277 3225.9200822369289 .0000000000000000 3981207.9758269456
 -1.2999999999999998 3.8676857626389842 3212.2971292969569 .0000000000000000 3923250.8276699595
 -1.1999999999999997 3.7900790947895100 3191.0528848956546 .0000000000000000 3865578.4704584801
 -1.0999999999999999 3.7012521780349985 3165.4887074156491 .0000000000000000 3799632.1661785394
 -.99999999999999978 3.6438161391843655 3157.4363831402834 .0000000000000000 3751652.8254857804
 -.89999999999999980 3.6786291572808150 3174.2148458313645 .0000000000000000 3772088.2299458650
 -.79999999999999982 3.8035137728391475 3192.7540394001194 .0000000000000000 3875099.5057954816
 -.69999999999999973 3.9497965661041459 3206.7779632397828 .0000000000000000 4001685.1599446279
 -.59999999999999976 4.0542164749846377 3237.9681134714142 .0000000000000000 4074664.9638291090
 -.49999999999999978 4.0760803608076168 3271.3565769127654 .0000000000000000 4070066.7146313032
 -.39999999999999974 3.9819000957648609 3246.3191264494058 .0000000000000000 4003449.9709395482
 -.29999999999999971 3.7931479527904242 3147.4347864485062 .0000000000000000 3899630.2289067605
 -.19999999999999973 3.5984148372300950 3037.7061398683309 .0000000000000000 3795041.3425082411
 -.99999999999999728E-001 3.4628908102899274 2969.9198125619205 .0000000000000000 3716110.5756714027
 .27755575615628914E-015 3.4265139914558893 2968.3340073628083 .0000000000000000 3685164.5685856007
 .10000000000000028 3.5635622832548624 3074.6238559428971 .0000000000000000 3745260.1900154380
 .20000000000000029 3.8338754062911438 3236.4507406773860 .0000000000000000 3883749.4342462649
 .30000000000000027 4.0113336458023090 3286.5194022460223 .0000000000000000 4000391.1031856388
 .40000000000000030 4.0158113484341476 3220.1749694201385 .0000000000000000 4047859.4650737499
 .50000000000000033 4.0271783879168339 3219.5597648032240 .0000000000000000 4068709.0244018314
 .60000000000000031 4.0640458064806166 3278.1406578124602 .0000000000000000 4040244.3768603425
 .70000000000000029 3.9218692548127647 3213.8526064968378 .0000000000000000 3922577.5486366255
 .80000000000000027 3.6824617425473725 3106.1221118973340 .0000000000000000 3832162.4209445571
 .90000000000000036 3.6641863878866210 3164.8887690069619 .0000000000000000 3809673.8186761504
 1.0000000000000004 3.8067906805350917 3283.1393201522915 .0000000000000000 3768839.8034520955
 1.1000000000000003 3.7318495519106998 3210.9065345629215 .0000000000000000 3766679.2361326199
 1.2000000000000004 3.2100532691679611 2659.7074936668746 .0000000000000000 3317793.9193221126
 1.3000000000000003 2.3094143619675744 1499.0656723582013 .0000000000000000 1855570.4753387561
 1.4000000000000004 1.4994231000170859 402.44590108298189 .0000000000000000 480552.92339794093
 1.5000000000000004 1.2109585258417443 28.792355603093970 .0000000000000000 207895.69424621167
 1.6000000000000003 1.2202405643997709 29.610265185905646 .0000000000000000 296630.96095963439
 1.7000000000000004 1.1671603992732758 .48213266295016588 .0000000000000000 243118.10121348250
 1.8000000000000003 1.0716762732635843 -8.3795661016321699 .0000000000000000 240998.05428240745
 1.9000000000000004 .98754141133012252 4.0379777024930616 .0000000000000000 256315.15484205369
 2.0000000000000004 .89285833468794062 -.24533008898080122 .0000000000000000 248315.02347448736
 2.1000000000000005 .82240028049209257 -.89630686318003816 .0000000000000000 249646.60668418321
 2.2000000000000002 .80083647159734173 .64024623041317164 .0000000000000000 250539.26184237152
 2.3000000000000003 .82512753700930930 -.16065517706516763 .0000000000000000 249793.41804651640
 2.4000000000000004 .89245237560054602 -.72378494318084352E-001 .0000000000000000 249992.44251907742
 2.5000000000000004 .98683851227956909 .78014822297876762E-001 .0000000000000000 250043.69749463984
 2.6000000000000005 1.0839224400820928 -.44218514346037782E-001 .0000000000000000 249980.79770956363
 2.7000000000000006 1.1606725246698832 -.19027869675571282E-002 .0000000000000000 250001.65699840619
 2.8000000000000003 1.1981111304906187 .55830858403190528E-002 .0000000000000000 250010.02586635566
 2.9000000000000004 1.1869084031935291 -.34417533178112583E-002 .0000000000000000 249998.17133380836
 3.0000000000000004 1.1299702950554185 .68428889571466875E-002 .0000000000000000 250000.58911515152
 3.1000000000000005 1.0412353984997331 .67839346518934855E-002 .0000000000000000 249999.59732604417
 3.2000000000000006 .94243698024880673 .44536987042440423E-002 .0000000000000000 249998.13306939608
 3.3000000000000003 .85771870636024694 .38028469455482655E-002 .0000000000000000 249999.89224496169
 3.4000000000000004 .80779332471750687 .13804901951258175E-002 .0000000000000000 249999.88098464126
 3.5000000000000004 .80497627163738472 -.16282884990406513E-002 .0000000000000000 249999.42598041080
 3.6000000000000005 .84998950453413058 -.38518274761895998E-002 .0000000000000000 249999.07774093206
 3.7000000000000006 .93163325405715536 -.50557248410497777E-002 .0000000000000000 249998.16899359404
 3.8000000000000007 1.0297758403202504 -.47457535340148871E-002 .0000000000000000 249997.79069121796
 3.9000000000000004 1.1206751636555208 -.27440452823988197E-002 .0000000000000000 249998.65781774011
 4.0000000000000009 1.1825479566123378 -.47285655173106698E-005 .0000000000000000 250000.19779391767
 4.1000000000000005 1.2000210707898078 .22168811630008797E-002 .0000000000000000 250001.55185389324
 4.2000000000000002 1.1677541493093584 .35136963841750414E-002 .0000000000000000 250001.96134825068
 4.3000000000000007 1.0932524336724718 .39876311822457820E-002 .0000000000000000 250001.32111598167
 4.4000000000000004 .99652764467177324 .37649486981428657E-002 .0000000000000000 250000.47501574169
 4.5000000000000009 .90385847381215600 .29834123695165016E-002 .0000000000000000 249999.97600563263
 4.6000000000000005 .83720192654920889 .17000943370716803E-002 .0000000000000000 249999.70434614801
 4.7000000000000002 .80590970723139832 .25509952931291506E-003 .0000000000000000 249999.55605405421
 4.8000000000000007 .80642526135381754 -.66756666035370539E-003 .0000000000000000 249999.34901559175
 4.9000000000000004 .82825769759632706 -.70238196972832788E-003 .0000000000000000 249999.39272216571
 5.0000000000000009 .86078043855087527 -.35806488014161028E-007 .0000000000000000 250000.00000000003
