 -5.0000000000000000 3.8571430000000002 3207.3614179582337 .0000000000000000 3916666.0931709171
 -4.9000000000000004 3.8571848751968210 3207.3705644680253 .0000000000000000 3916698.3802095931
 -4.7999999999999998 3.8572051304825741 3207.3753403433579 .0000000000000000 3916713.8938199473
 -4.7000000000000002 3.8572146035440493 3207.3783945997479 .0000000000000000 3916720.2039600615
 -4.5999999999999996 3.8573503767177368 3207.4079164373411 .0000000000000000 3916825.7020454230
 -4.5000000000000000 3.8579746765202554 3207.5412463509938 .0000000000000000 3917312.4770011618
 -4.4000000000000004 3.8586963285600504 3207.7012601862530 .0000000000000000 3917868.6513763447
 -4.2999999999999998 3.8565519442499849 3207.2308720513197 .0000000000000000 3916210.0087721697
 -4.2000000000000002 3.8486840896753804 3205.4927186342084 .0000000000000000 3910126.7107273168
 -4.0999999999999996 3.8400367707355536 3203.5980586243663 .0000000000000000 3903425.5639968035
 -4.0000000000000000 3.8427990714697744 3204.1822221699695 .0000000000000000 3905564.4856064711
 -3.8999999999999999 3.8596188384912287 3207.8579968529020 .0000000000000000 3918564.2446489302
 -3.7999999999999998 3.8714020656948462 3210.5208072747496 .0000000000000000 3927669.1878503454
 -3.6999999999999997 3.8587852632878858 3207.7060514170739 .0000000000000000 3918000.6106317304
 -3.6000000000000001 3.8401745659667177 3203.5854283419935 .0000000000000000 3903523.8082518480
 -3.5000000000000000 3.8617981282816105 3208.2885979466805 .0000000000000000 3920006.5442620218
 -3.3999999999999999 3.9315730338383172 3222.6607474045300 .0000000000000000 3974211.4769128128
 -3.2999999999999998 3.9896910664525409 3234.6583355508219 .0000000000000000 4019535.4300135910
 -3.1999999999999997 3.9669809552662394 3230.6212279529855 .0000000000000000 4001935.1196170049
 -3.1000000000000001 3.8656634721897558 3209.1024521552722 .0000000000000000 3923620.8005639277
 -3.0000000000000000 3.7800339567271939 3190.0238902110509 .0000000000000000 3857075.2417788231
 -2.8999999999999999 3.8117354989901528 3196.6367929400703 .0000000000000000 3880754.8360840646
 -2.7999999999999998 3.9427092442792109 3223.8102781801772 .0000000000000000 3982368.1483182954
 -2.6999999999999997 4.0435008143878370 3244.4701721871588 .0000000000000000 4061510.7881600522
 -2.5999999999999996 4.0273233751446176 3242.3727370589613 .0000000000000000 4049113.9996855771
 -2.5000000000000000 3.9297940124460000 3222.9844298676189 .0000000000000000 3973107.0821218505
 -2.3999999999999999 3.8301637188353115 3200.7847218996790 .0000000000000000 3895966.2187234382
 -2.2999999999999998 3.7579756510445033 3183.7591529213896 .0000000000000000 3840276.7118966058
 -2.1999999999999997 3.6956792154954892 3169.4687523037646 .0000000000000000 3791950.0490403501
 -2.0999999999999996 3.6510566098283603 3158.9882664631141 .0000000000000000 3757194.9709761250
 -1.9999999999999998 3.6865530527271995 3166.0402570883434 .0000000000000000 3785108.9717628383
 -1.8999999999999999 3.8311742289108062 3197.7667066650674 .0000000000000000 3897468.3022838589
 -1.7999999999999998 3.9988635753155859 3235.8311515932273 .0000000000000000 4025701.9735532184
 -1.6999999999999997 4.0696546335249701 3252.2554346631514 .0000000000000000 4079235.3036478022
 -1.5999999999999999 4.0241779226872527 3240.3210678531568 .0000000000000000 4047076.7360345889
 -1.4999999999999998 3.9358360932214671 3219.5911733887951 .0000000000000000 3981630.7466103053
 -1.3999999999999999 3.8633751134628018 3209.6582427628941 .0000000000000000 3921293.8842559857
 -1.2999999999999998 3.7966827681474005 3202.7209377713139 .0000000000000000 3864028.2952036858
 -1.1999999999999997 3.6988340625634994 3171.1692256903730 .0000000000000000 3793830.7601547227
 -1.0999999999999999 3.6068647359814623 3127.6167604407060 .0000000000000000 3735170.2525763507
 -.99999999999999978 3.6477559643382480 3142.6779232441040 .0000000000000000 3763193.0890200282
 -.89999999999999980 3.8495752822084857 3225.7806206862365 .0000000000000000 3895789.8127865172
 -.79999999999999982 4.0242988810054188 3267.1158109875541 .0000000000000000 4028308.6556304856
 -.69999999999999973 4.0028434206903496 3199.0452624304226 .0000000000000000 4061816.4297569739
 -.59999999999999976 3.8494804198658295 3089.6931240016042 .0000000000000000 4006075.3201277996
 -.49999999999999978 3.7114779224957832 3019.9377631461671 .0000000000000000 3915723.7983588944
 -.39999999999999974 3.6462823258672379 3018.2459098538334 .0000000000000000 3844111.6028144602
 -.29999999999999971 3.6598288651155682 3091.0381490776736 .0000000000000000 3815679.2402968612
 -.19999999999999973 3.7265454041771480 3195.6859416288653 .0000000000000000 3795854.9586588475
 -.99999999999999728E-001 3.7469639714732708 3235.2073852061858 .0000000000000000 3777131.6688598660
 .27755575615628914E-015 3.6637953674978094 3149.0913962479849 .0000000000000000 3771155.7102988823
 .10000000000000028 3.6819066184010132 3091.4790689991514 .0000000000000000 3807939.1564384685
 .20000000000000029 3.9871062524896366 3266.4098117100993 .0000000000000000 3992518.4432542804
 .30000000000000027 4.1727941072699686 3364.5272680515104 .0000000000000000 4129495.2692258805
 .40000000000000030 3.9354322312716579 3121.6809742258874 .0000000000000000 3993762.2731290646
 .50000000000000033 3.9016675443821951 3138.3175358445692 .0000000000000000 4010905.0995740951
 .60000000000000031 4.0698998204046735 3335.1811844357803 .0000000000000000 3954467.8571895855
 .70000000000000029 3.2515371966321442 2485.7714212959836 .0000000000000000 2737067.3821335402
 .80000000000000027 1.6624207082888265 900.42213056834669 .0000000000000000 985552.42796509573
 .90000000000000036 .84250615100930193 100.13187059759662 .0000000000000000 256693.15261518213
 1.0000000000000004 .86719171745138657 60.523907771409412 .0000000000000000 296205.31826055702
 1.1000000000000003 .90113692716037375 26.257921991194863 .0000000000000000 271200.50420364045
 1.2000000000000004 .91596276788130160 -16.428524999554757 .0000000000000000 230697.40625977394
 1.3000000000000003 1.0448066752788605 2.9139354660822172 .0000000000000000 254609.68999583324
 1.4000000000000004 1.1395178980988376 2.6967295912141211 .0000000000000000 252517.96827054420
 1.5000000000000004 1.1820487401819899 -2.3535312693960524 .0000000000000000 247443.36635557222
 1.6000000000000003 1.1985392723338049 .61415414733060536 .0000000000000000 250854.44476254284
 1.7000000000000004 1.1610375404874349 .35556391127731896 .0000000000000000 250201.19381419357
 1.8000000000000003 1.0812777188969058 -.38138645726948156 .0000000000000000 249672.63373192868
 1.9000000000000004 .98513591815646517 .11906822640402565 .0000000000000000 250119.04378019038
 2.0000000000000004 .89142744877960911 .51498623399306873E-001 .0000000000000000 250024.67518182838
 2.1000000000000005 .82398352778534067 -.54196504373103610E-001 .0000000000000000 249952.40635064023
 2.2000000000000002 .80018807626673727 .18290120578216593E-001 .0000000000000000 250011.32822297327
 2.3000000000000003 .82504026553076315 .17543784283519295E-002 .0000000000000000 250004.28729649025
 2.4000000000000004 .89268532355891006 -.12610971497745718E-001 .0000000000000000 249991.32562089057
 2.5000000000000004 .98669706863726137 -.19302397949819772E-002 .0000000000000000 250000.31731384192
 2.6000000000000005 1.0839609255389966 -.90525552078292426E-003 .0000000000000000 250001.68342312367
 2.7000000000000006 1.1606991490051908 -.11642207693733813E-002 .0000000000000000 250001.95544004964
 2.8000000000000003 1.1980944024556408 -.10153363911806199E-002 .0000000000000000 250004.76168745934
 2.9000000000000004 1.1869393309516969 -.18917648914967577E-002 .0000000000000000 250004.59765645815
 3.0000000000000004 1.1299844126089538 -.18330689897862735E-003 .0000000000000000 250002.33792767033
 3.1000000000000005 1.0412328973498588 .34524572805831812E-002 .0000000000000000 249999.64254325590
 3.2000000000000006 .94243315141148076 .54716952256901388E-002 .0000000000000000 249997.91015596117
 3.3000000000000003 .85771620119591219 .46906141510423107E-002 .0000000000000000 249997.71218898223
 3.4000000000000004 .80778558605205986 .17155758579266596E-002 .0000000000000000 249997.96001812207
 3.5000000000000004 .80494510856269808 -.21353438096897185E-002 .0000000000000000 249998.08351402689
 3.6000000000000005 .84995506204795945 -.49316651135616011E-002 .0000000000000000 249998.19444155906
 3.7000000000000006 .93164577271255422 -.52737232448787077E-002 .0000000000000000 249998.54824164530
 3.8000000000000007 1.0298309705199149 -.30822924895736485E-002 .0000000000000000 249999.64214785691
 3.9000000000000004 1.1206958251415715 .19202771895371874E-003 .0000000000000000 250001.08908131381
 4.0000000000000009 1.1824961677619437 .22442817344735444E-002 .0000000000000000 250001.81955846213
 4.1000000000000005 1.1999783012918703 .23657890006526443E-002 .0000000000000000 250001.60355933986
 4.2000000000000002 1.1678132014836446 .20746380312096214E-002 .0000000000000000 250000.87360776073
 4.3000000000000007 1.0933605465974199 .24672488233339800E-002 .0000000000000000 250000.10187861309
 4.4000000000000004 .99653215677083029 .29818254446076606E-002 .0000000000000000 249999.76552372461
 4.5000000000000009 .90370077739121679 .26483539054956268E-002 .0000000000000000 249999.64948227344
 4.6000000000000005 .83697391684359135 .12075494038604228E-002 .0000000000000000 249999.25058812165
 4.7000000000000002 .80572184510690525 -.51011809063857764E-003 .0000000000000000 249998.82137984716
 4.8000000000000007 .80631448268589057 -.13853028484299317E-002 .0000000000000000 249998.63546889729
 4.9000000000000004 .82821249331919611 -.11103581118592941E-002 .0000000000000000 249998.98046524645
 5.0000000000000009 .86078043855087527 -.33967417133031990E-007 .0000000000000000 250000.00000000003
