 -5.0000000000000000 3.8571430000000002 3207.3576738359716 .0000000000000000 3916666.0931709171
 -4.9000000000000004 3.8549185709974076 3206.9056366545724 .0000000000000000 3914987.2204730697
 -4.7999999999999998 3.8510973373927584 3205.9986276233258 .0000000000000000 3911991.1032708380
 -4.7000000000000002 3.8464879898551767 3204.6122862198495 .0000000000000000 3908140.4382890211
 -4.5999999999999996 3.8481337636799302 3205.3599693157053 .0000000000000000 3909556.4760232214
 -4.5000000000000000 3.8638692974727862 3210.4306746081475 .0000000000000000 3923051.6117712678
 -4.4000000000000004 3.8744479258673059 3209.9772265795709 .0000000000000000 3930847.0839199661
 -4.2999999999999998 3.8549927228785990 3202.8163501123604 .0000000000000000 3913069.1779914964
 -4.2000000000000002 3.8394542109985164 3208.9941560655238 .0000000000000000 3901005.4790843916
 -4.0999999999999996 3.8774729896634246 3217.9909889316818 .0000000000000000 3932640.1873058188
 -4.0000000000000000 3.9583106587602837 3215.8901432621847 .0000000000000000 3998265.9297124166
 -3.8999999999999999 4.0184016492717500 3236.9867423917472 .0000000000000000 4044336.0640479838
 -3.7999999999999998 3.9523095681529639 3248.2368575950836 .0000000000000000 3980574.0809602388
 -3.6999999999999997 3.7475224695375458 3178.6290471695788 .0000000000000000 3831556.2519135159
 -3.6000000000000001 3.6574311780065569 3126.5739201306346 .0000000000000000 3793821.9422670733
 -3.5000000000000000 3.8969607842287131 3220.5203239023367 .0000000000000000 3936304.1148006958
 -3.3999999999999999 4.1852428028956865 3341.8705546334136 .0000000000000000 4111028.5977829900
 -3.2999999999999998 4.0297064359237735 3218.3019506059322 .0000000000000000 4112246.7527231141
 -3.1999999999999997 3.5471771397589231 2883.9392544699922 .0000000000000000 3868734.2927776449
 -3.1000000000000001 3.4821183614131050 2892.1807747477728 .0000000000000000 3747235.6527806791
 -3.0000000000000000 3.8536071720274676 3279.0745046178786 .0000000000000000 3876448.6227849531
 -2.8999999999999999 3.5188007776227801 2944.2470828171449 .0000000000000000 3356478.5989260217
 -2.7999999999999998 2.1819139026739824 1559.1914321939607 .0000000000000000 1828022.6354756518
 -2.6999999999999997 1.1214913365599326 387.27000744671869 .0000000000000000 543919.07534389896
 -2.5999999999999996 .96856017752285140 73.619628943257851 .0000000000000000 253522.27362079351
 -2.5000000000000000 1.0756787790065550 47.320113483063523 .0000000000000000 291741.65062886343
 -2.3999999999999999 1.0995069259069337 -4.2308359448477280 .0000000000000000 244707.45562564943
 -2.2999999999999998 1.1632230121779030 -6.0984949680717779 .0000000000000000 241995.25488097136
 -2.1999999999999997 1.2085010728586911 4.3448978289449514 .0000000000000000 255940.19155109883
 -2.0999999999999996 1.1746679166662148 -.99649732155099724 .0000000000000000 248383.13482635855
 -1.9999999999999998 1.1069439935647511 -.59848601718516836 .0000000000000000 249555.00723726183
 -1.8999999999999999 1.0166017982398887 .68670617642859155 .0000000000000000 250715.09716530988
 -1.7999999999999998 .91713550697373936 -.23706737779565717 .0000000000000000 249668.78851241406
 -1.6999999999999997 .84008787610458491 -.56869319074360977E-001 .0000000000000000 249999.89104688505
 -1.5999999999999999 .80246027672156117 .11948228292814275 .0000000000000000 250088.60316148930
 -1.4999999999999998 .81231571820202220 -.56850133050803067E-001 .0000000000000000 249952.67514258903
 -1.3999999999999999 .86858343239055713 -.88056442651208676E-002 .0000000000000000 249993.98469236714
 -1.2999999999999998 .95701691881801609 .11714415149077260E-001 .0000000000000000 250013.39276786297
 -1.1999999999999997 1.0558416084453961 -.12185501684302706E-001 .0000000000000000 249993.45512975904
 -1.0999999999999999 1.1410928051710771 -.19998956623329088E-002 .0000000000000000 250000.44185589423
 -.99999999999999978 1.1917912253201168 .18683093057412195E-002 .0000000000000000 250006.13279834430
 -.89999999999999980 1.1955029878430723 -.86499046541221912E-003 .0000000000000000 250002.87917666018
 -.79999999999999982 1.1513495412480639 .11236154151138709E-002 .0000000000000000 250002.08674559247
 -.69999999999999973 1.0701369375375267 .40473419973240596E-002 .0000000000000000 250000.10359297492
 -.59999999999999976 .97176097656685834 .56317723906111903E-002 .0000000000000000 249998.07695689003
 -.49999999999999978 .88031121326001116 .55517125730429918E-002 .0000000000000000 249998.07416440421
 -.39999999999999974 .81816769938540790 .32329200860000767E-002 .0000000000000000 249998.50960887832
 -.29999999999999971 .80053569525170698 -.56047376404137208E-003 .0000000000000000 249998.61884267724
 -.19999999999999973 .83172837675903777 -.40696841603869187E-002 .0000000000000000 249998.41149354776
 -.99999999999999728E-001 .90411428514644476 -.59020258531209098E-002 .0000000000000000 249998.04554032197
 .27755575615628914E-015 .99998156264535665 -.54113476103699338E-002 .0000000000000000 249998.52411669740
 .10000000000000028 1.0958656308710204 -.30522510921221265E-002 .0000000000000000 250000.48367855523
 .20000000000000029 1.1682869657044617 -.72064578613002220E-003 .0000000000000000 250002.85083392204
 .30000000000000027 1.1995007715129549 .11888365897882763E-003 .0000000000000000 250004.01158008751
 .40000000000000030 1.1818556338706843 .57361480660783669E-003 .0000000000000000 250003.29142763745
 .50000000000000033 1.1196782314550044 .23099288588186596E-002 .0000000000000000 250001.18565251384
 .60000000000000031 1.0282053744618818 .46021414485715034E-002 .0000000000000000 249999.07859444298
 .70000000000000029 .92983828278695224 .55646491378130289E-002 .0000000000000000 249998.23238182225
 .80000000000000027 .84865549430441301 .44220889132729471E-002 .0000000000000000 249998.41104989935
 .90000000000000036 .80452418827231087 .15120927792050293E-002 .0000000000000000 249998.61433982351
 1.0000000000000004 .80824323996818959 -.20043215244835294E-002 .0000000000000000 249998.56542999431
 1.1000000000000003 .85890371386801523 -.46182321753747918E-002 .0000000000000000 249998.27701017357
 1.2000000000000004 .94410924191027945 -.54327409111711968E-002 .0000000000000000 249998.17967986784
 1.3000000000000003 1.0430058407834981 -.42612183543833896E-002 .0000000000000000 249999.28404233747
 1.4000000000000004 1.1313832803645163 -.20014123012251739E-002 .0000000000000000 250001.49869219036
 1.5000000000000004 1.1875974873336426 -.52634992250128420E-003 .0000000000000000 250003.42761420828
 1.6000000000000003 1.1978724976831217 -.17162829870630449E-003 .0000000000000000 250003.86868165585
 1.7000000000000004 1.1596880857958438 .91867318522919250E-003 .0000000000000000 250002.49865496968
 1.8000000000000003 1.0824033725252900 .34516138121119459E-002 .0000000000000000 250000.10559586310
 1.9000000000000004 .98495292687073710 .56590106621826775E-002 .0000000000000000 249998.32914009420
 2.0000000000000004 .89119833168798757 .58144325688413287E-002 .0000000000000000 249998.03596842565
 2.1000000000000005 .82408621982626562 .36554460242176237E-002 .0000000000000000 249998.44092194605
 2.2000000000000002 .80003728399084562 -.34365071915007498E-004 .0000000000000000 249998.63417830874
 2.3000000000000003 .82493459304529593 -.37101409175265432E-002 .0000000000000000 249998.43591371336
 2.4000000000000004 .89268762961007275 -.58355777938380845E-002 .0000000000000000 249998.03391013650
 2.5000000000000004 .98671860796275934 -.56400128530376906E-002 .0000000000000000 249998.35012902328
 2.6000000000000005 1.0840129254253137 -.34054439256235281E-002 .0000000000000000 250000.14866498564
 2.7000000000000006 1.1607477790032412 -.87861936477428724E-003 .0000000000000000 250002.53301215419
 2.8000000000000003 1.1981230067465467 .19596266537132801E-003 .0000000000000000 250003.86658926739
 2.9000000000000004 1.1869756458748473 .56203310024872640E-003 .0000000000000000 250003.38848247300
 3.0000000000000004 1.1300420103845428 .20466227958195445E-002 .0000000000000000 250001.45340393533
 3.1000000000000005 1.0412784758470253 .42719627866795815E-002 .0000000000000000 249999.27094804347
 3.2000000000000006 .94241389311407364 .53982064690211900E-002 .0000000000000000 249998.19192728263
 3.3000000000000003 .85764586076301608 .45644253673345356E-002 .0000000000000000 249998.27101175857
 3.4000000000000004 .80774974550467482 .19242039788927036E-002 .0000000000000000 249998.56632619561
 3.5000000000000004 .80492865453360984 -.16264766021060124E-002 .0000000000000000 249998.69120515769
 3.6000000000000005 .84980218593594059 -.44603665535804856E-002 .0000000000000000 249998.47486373651
 3.7000000000000006 .93144329764238676 -.53487617471918670E-002 .0000000000000000 249998.09030053762
 3.8000000000000007 1.0300203894053841 -.42901604531263588E-002 .0000000000000000 249998.85440003543
 3.9000000000000004 1.1212105304640438 -.26364059822442595E-002 .0000000000000000 250001.46557195851
 4.0000000000000009 1.1823960821371622 -.19924446242069330E-002 .0000000000000000 250004.45999860851
 4.1000000000000005 1.1991182592935012 -.16531601326771955E-002 .0000000000000000 250005.40141256311
 4.2000000000000002 1.1678088283680119 .65315005645798837E-003 .0000000000000000 250003.18568310366
 4.3000000000000007 1.0948573572100702 .44796184662394814E-002 .0000000000000000 249999.61037779527
 4.4000000000000004 .99713392952979885 .66529796867909469E-002 .0000000000000000 249997.79749487020
 4.5000000000000009 .90164968220149733 .56999147572735541E-002 .0000000000000000 249998.44606799865
 4.6000000000000005 .83477571235960157 .30596992939223083E-002 .0000000000000000 249999.71191707763
 4.7000000000000002 .80658525399808811 .53228355554809476E-003 .0000000000000000 250000.08469428713
 4.8000000000000007 .80973159341686607 -.95332492131060069E-003 .0000000000000000 249999.51502612027
 4.9000000000000004 .83124387643633779 -.10596430068089762E-002 .0000000000000000 249999.24615265592
 5.0000000000000009 .86078043855087527 -.22193657957014964E-007 .0000000000000000 250000.00000000003
