 -5.0000000000000000 3.8571430000000002 3207.1352748407885 .0000000000000000 3916666.0931709171
 -4.9500000000000002 3.8571430000000002 3207.1352748407885 .0000000000000000 3916666.0931709176
 -4.9000000000000004 3.8571430000000002 3207.1352748407885 .0000000000000000 3916666.0931709176
 -4.8499999999999996 3.8571430000000002 3207.1352748407885 .0000000000000000 3916666.0931709176
 -4.7999999999999998 3.8571430000000002 3207.1352748407885 .0000000000000000 3916666.0931709176
 -4.7500000000000000 3.8571430000000002 3207.1352748407885 .0000000000000000 3916666.0931709176
 -4.7000000000000002 3.8571430000000002 3207.1352748407885 .0000000000000000 3916666.0931709176
 -4.6500000000000004 3.8571430000000002 3207.1352748407885 .0000000000000000 3916666.0931709176
 -4.5999999999999996 3.8571430000000002 3207.1352748407885 .0000000000000000 3916666.0931709176
 -4.5499999999999998 3.8571430000000002 3207.1352748407885 .0000000000000000 3916666.0931709176
 -4.5000000000000000 3.8571430000000002 3207.1352748407885 .0000000000000000 3916666.0931709176
 -4.4500000000000002 3.8571430000000002 3207.1352748407885 .0000000000000000 3916666.0931709176
 -4.4000000000000004 3.8571430000000002 3207.1352748407885 .0000000000000000 3916666.0931709176
 -4.3499999999999996 3.8571430000000002 3207.1352748407885 .0000000000000000 3916666.0931709176
 -4.2999999999999998 3.8571430000000002 3207.1352748407885 .0000000000000000 3916666.0931709176
 -4.2500000000000000 3.8571430000000002 3207.1352748407885 .0000000000000000 3916666.0931709176
 -4.2000000000000002 3.8571430000000002 3207.1352748407885 .0000000000000000 3916666.0931709176
 -4.1500000000000004 3.8571430000000002 3207.1352748407885 .0000000000000000 3916666.0931709176
 -4.0999999999999996 3.8571430000000002 3207.1352748407885 .0000000000000000 3916666.0931709176
 -4.0499999999999998 3.8571430000000002 3207.1352748407885 .0000000000000000 3916666.0931709176
 -4.0000000000000000 .81741094985447449 .0000000000000000 .0000000000000000 250000.00000000006
 -3.9499999999999997 .84327942480432905 .0000000000000000 .0000000000000000 250000.00000000009
 -3.8999999999999999 .87889202605607974 .0000000000000000 .0000000000000000 250000.00000000006
 -3.8500000000000001 .92203453455072437 .0000000000000000 .0000000000000000 250000.00000000006
 -3.7999999999999998 .97002455806740961 .0000000000000000 .0000000000000000 250000.00000000006
 -3.7500000000000000 1.0198783093797696 .0000000000000000 .0000000000000000 250000.00000000006
 -3.6999999999999997 1.0684961236939226 .0000000000000000 .0000000000000000 250000.00000000006
 -3.6499999999999999 1.1128551807923712 .0000000000000000 .0000000000000000 250000.00000000006
 -3.6000000000000001 1.1501974493543352 .0000000000000000 .0000000000000000 250000.00000000006
 -3.5499999999999998 1.1782011679849707 .0000000000000000 .0000000000000000 250000.00000000006
 -3.5000000000000000 1.1951252010936317 .0000000000000000 .0000000000000000 250000.00000000009
 -3.4499999999999997 1.1999172942718435 .0000000000000000 .0000000000000000 250000.00000000009
 -3.3999999999999999 1.1922794983759113 .0000000000000000 .0000000000000000 250000.00000000006
 -3.3500000000000001 1.1726866945615810 .0000000000000000 .0000000000000000 250000.00000000006
 -3.2999999999999998 1.1423570684738247 .0000000000000000 .0000000000000000 250000.00000000003
 -3.2500000000000000 1.1031763693636218 .0000000000000000 .0000000000000000 250000.00000000003
 -3.1999999999999997 1.0575806633330127 .0000000000000000 .0000000000000000 250000.00000000006
 -3.1499999999999999 1.0084048705437683 .0000000000000000 .0000000000000000 250000.00000000006
 -3.1000000000000001 .95870650361244081 .0000000000000000 .0000000000000000 250000.00000000006
 -3.0499999999999998 .91157556628469216 .0000000000000000 .0000000000000000 250000.00000000009
 -3.0000000000000000 .86994243196857679 .0000000000000000 .0000000000000000 250000.00000000006
 -2.9499999999999997 .83639564730906091 .0000000000000000 .0000000000000000 250000.00000000006
 -2.8999999999999999 .81302098889506336 .0000000000000000 .0000000000000000 250000.00000000006
 -2.8500000000000001 .80127177977344743 .0000000000000000 .0000000000000000 250000.00000000009
 -2.7999999999999998 .80187852886102595 .0000000000000000 .0000000000000000 250000.00000000006
 -2.7500000000000000 .81480351143827467 .0000000000000000 .0000000000000000 250000.00000000006
 -2.6999999999999997 .83924311468967605 .0000000000000000 .0000000000000000 250000.00000000009
 -2.6499999999999999 .87367780245635229 .0000000000000000 .0000000000000000 250000.00000000006
 -2.5999999999999996 .91596659263467228 .0000000000000000 .0000000000000000 250000.00000000006
 -2.5499999999999998 .96348017307377309 .0000000000000000 .0000000000000000 250000.00000000003
 -2.5000000000000000 1.0132643794702401 .0000000000000000 .0000000000000000 250000.00000000006
 -2.4499999999999997 1.0622238709962257 .0000000000000000 .0000000000000000 250000.00000000003
 -2.3999999999999999 1.1073145836000871 .0000000000000000 .0000000000000000 250000.00000000009
 -2.3499999999999996 1.1457329951654343 .0000000000000000 .0000000000000000 250000.00000000006
 -2.2999999999999998 1.1750904349376856 .0000000000000000 .0000000000000000 250000.00000000006
 -2.2500000000000000 1.1935615995022526 .0000000000000000 .0000000000000000 250000.00000000009
 -2.1999999999999997 1.1999980413101410 .0000000000000000 .0000000000000000 250000.00000000009
 -2.1499999999999999 1.1939995735841358 .0000000000000000 .0000000000000000 250000.00000000006
 -2.0999999999999996 1.1759391519943339 .0000000000000000 .0000000000000000 250000.00000000009
 -2.0499999999999998 1.1469396860809589 .0000000000000000 .0000000000000000 250000.00000000003
 -1.9999999999999998 1.1088042221778738 .0000000000000000 .0000000000000000 250000.00000000006
 -1.9499999999999997 1.0639038387244544 .0000000000000000 .0000000000000000 250000.00000000003
 -1.8999999999999999 1.0150302240923619 .0000000000000000 .0000000000000000 250000.00000000003
 -1.8499999999999999 .96522210292391342 .0000000000000000 .0000000000000000 250000.00000000009
 -1.7999999999999998 .91757630295164883 .0000000000000000 .0000000000000000 250000.00000000006
 -1.7499999999999998 .87505520924916114 .0000000000000000 .0000000000000000 250000.00000000006
 -1.6999999999999997 .84030257747530168 .0000000000000000 .0000000000000000 250000.00000000006
 -1.6499999999999999 .81547915795213188 .0000000000000000 .0000000000000000 250000.00000000006
 -1.5999999999999999 .80212835067532362 .0000000000000000 .0000000000000000 250000.00000000009
 -1.5499999999999998 .80108024417776491 .0000000000000000 .0000000000000000 250000.00000000006
 -1.4999999999999998 .81240000464505224 .0000000000000000 .0000000000000000 250000.00000000003
 -1.4499999999999997 .83538382419769908 .0000000000000000 .0000000000000000 250000.00000000006
 -1.3999999999999999 .86860268025624210 .0000000000000000 .0000000000000000 250000.00000000006
 -1.3499999999999999 .90999118524387668 .0000000000000000 .0000000000000000 250000.00000000006
 -1.2999999999999998 .95697600238243707 .0000000000000000 .0000000000000000 250000.00000000006
 -1.2499999999999998 1.0066358433095113 .0000000000000000 .0000000000000000 250000.00000000006
 -1.1999999999999997 1.0558830996397854 .0000000000000000 .0000000000000000 250000.00000000006
 -1.1499999999999997 1.1016558154998517 .0000000000000000 .0000000000000000 250000.00000000006
 -1.0999999999999999 1.1411080651140786 .0000000000000000 .0000000000000000 250000.00000000006
 -1.0499999999999998 1.1717868986853186 .0000000000000000 .0000000000000000 250000.00000000006
 -.99999999999999978 1.1917848549326278 .0000000000000000 .0000000000000000 250000.00000000009
 -.94999999999999973 1.1998585577950756 .0000000000000000 .0000000000000000 250000.00000000006
 -.89999999999999980 1.1955060235330195 .0000000000000000 .0000000000000000 250000.00000000009
 -.84999999999999976 1.1789978716457166 .0000000000000000 .0000000000000000 250000.00000000006
 -.79999999999999982 1.1513604990615856 .0000000000000000 .0000000000000000 250000.00000000006
 -.74999999999999978 1.1143122637484686 .0000000000000000 .0000000000000000 250000.00000000003
 -.69999999999999973 1.0701566455379237 .0000000000000000 .0000000000000000 250000.00000000003
 -.64999999999999980 1.0216390269060216 .0000000000000000 .0000000000000000 250000.00000000006
 -.59999999999999976 .97177599838802620 .0000000000000000 .0000000000000000 250000.00000000006
 -.54999999999999971 .92366780158953343 .0000000000000000 .0000000000000000 250000.00000000009
 -.49999999999999978 .88030557117920860 .0000000000000000 .0000000000000000 250000.00000000009
 -.44999999999999973 .84438536062241554 .0000000000000000 .0000000000000000 250000.00000000006
 -.39999999999999974 .81814051463486359 .0000000000000000 .0000000000000000 250000.00000000006
 -.34999999999999976 .80320281062521259 .0000000000000000 .0000000000000000 250000.00000000003
 -.29999999999999971 .80050100267918911 .0000000000000000 .0000000000000000 250000.00000000006
 -.24999999999999972 .81020307612888276 .0000000000000000 .0000000000000000 250000.00000000003
 -.19999999999999973 .83170580303842068 .0000000000000000 .0000000000000000 250000.00000000003
 -.14999999999999974 .86367224799533326 .0000000000000000 .0000000000000000 250000.00000000006
 -.99999999999999728E-001 .90411489227915964 .0000000000000000 .0000000000000000 250000.00000000003
 -.49999999999999725E-001 .95051920814909563 .0000000000000000 .0000000000000000 250000.00000000009
 .27755575615628914E-015 1.0000000000000002 .0000000000000000 .0000000000000000 250000.00000000009
 .50000000000000280E-001 1.0494807918509048 .0000000000000000 .0000000000000000 250000.00000000006
 .10000000000000028 1.0958851077208409 .0000000000000000 .0000000000000000 250000.00000000006
 .15000000000000030 1.1363277520046671 .0000000000000000 .0000000000000000 250000.00000000006
 .20000000000000029 1.1682941969615794 .0000000000000000 .0000000000000000 250000.00000000003
 .25000000000000028 1.1897969238711172 .0000000000000000 .0000000000000000 250000.00000000003
 .30000000000000027 1.1994989973208108 .0000000000000000 .0000000000000000 250000.00000000003
 .35000000000000031 1.1967971893747873 .0000000000000000 .0000000000000000 250000.00000000003
 .40000000000000030 1.1818594853651363 .0000000000000000 .0000000000000000 250000.00000000006
 .45000000000000029 1.1556146393775841 .0000000000000000 .0000000000000000 250000.00000000003
 .50000000000000033 1.1196944288207911 .0000000000000000 .0000000000000000 250000.00000000009
 .55000000000000027 1.0763321984104661 .0000000000000000 .0000000000000000 250000.00000000009
 .60000000000000031 1.0282240016119730 .0000000000000000 .0000000000000000 250000.00000000003
 .65000000000000036 .97836097309397807 .0000000000000000 .0000000000000000 250000.00000000009
 .70000000000000029 .92984335446207578 .0000000000000000 .0000000000000000 250000.00000000003
 .75000000000000033 .88568773625153108 .0000000000000000 .0000000000000000 250000.00000000012
 .80000000000000027 .84863950093841423 .0000000000000000 .0000000000000000 250000.00000000009
 .85000000000000031 .82100212835428321 .0000000000000000 .0000000000000000 250000.00000000009
 .90000000000000036 .80449397646698040 .0000000000000000 .0000000000000000 250000.00000000003
 .95000000000000029 .80014144220492445 .0000000000000000 .0000000000000000 250000.00000000006
 1.0000000000000004 .80821514506737235 .0000000000000000 .0000000000000000 250000.00000000006
 1.0500000000000003 .82821310131468173 .0000000000000000 .0000000000000000 250000.00000000006
 1.1000000000000003 .85889193488592186 .0000000000000000 .0000000000000000 250000.00000000006
 1.1500000000000004 .89834418450014852 .0000000000000000 .0000000000000000 250000.00000000006
 1.2000000000000004 .94411690036021523 .0000000000000000 .0000000000000000 250000.00000000006
 1.2500000000000004 .99336415669048894 .0000000000000000 .0000000000000000 250000.00000000006
 1.3000000000000003 1.0430239976175635 .0000000000000000 .0000000000000000 250000.00000000006
 1.3500000000000003 1.0900088147561235 .0000000000000000 .0000000000000000 250000.00000000003
 1.4000000000000004 1.1313973197437579 .0000000000000000 .0000000000000000 250000.00000000006
 1.4500000000000004 1.1646161758023013 .0000000000000000 .0000000000000000 250000.00000000006
 1.5000000000000004 1.1875999953549481 .0000000000000000 .0000000000000000 250000.00000000012
 1.5500000000000003 1.1989197558222355 .0000000000000000 .0000000000000000 250000.00000000006
 1.6000000000000003 1.1978716493246764 .0000000000000000 .0000000000000000 250000.00000000009
 1.6500000000000004 1.1845208420478679 .0000000000000000 .0000000000000000 250000.00000000003
 1.7000000000000004 1.1596974225246979 .0000000000000000 .0000000000000000 250000.00000000009
 1.7500000000000004 1.1249447907508383 .0000000000000000 .0000000000000000 250000.00000000009
 1.8000000000000003 1.0824236970483507 .0000000000000000 .0000000000000000 250000.00000000000
 1.8500000000000003 1.0347778970760864 .0000000000000000 .0000000000000000 250000.00000000006
 1.9000000000000004 .98496977590763779 .0000000000000000 .0000000000000000 250000.00000000006
 1.9500000000000004 .93609616127554485 .0000000000000000 .0000000000000000 250000.00000000003
 2.0000000000000004 .89119577782212567 .0000000000000000 .0000000000000000 250000.00000000003
 2.0500000000000003 .85306031391904069 .0000000000000000 .0000000000000000 250000.00000000006
 2.1000000000000005 .82406084800566559 .0000000000000000 .0000000000000000 250000.00000000003
 2.1500000000000004 .80600042641586422 .0000000000000000 .0000000000000000 250000.00000000006
 2.2000000000000002 .80000195868985935 .0000000000000000 .0000000000000000 250000.00000000006
 2.2500000000000004 .80643840049774784 .0000000000000000 .0000000000000000 250000.00000000009
 2.3000000000000003 .82490956506231450 .0000000000000000 .0000000000000000 250000.00000000006
 2.3500000000000005 .85426700483456641 .0000000000000000 .0000000000000000 250000.00000000003
 2.4000000000000004 .89268541639991317 .0000000000000000 .0000000000000000 250000.00000000000
 2.4500000000000006 .93777612900377505 .0000000000000000 .0000000000000000 250000.00000000009
 2.5000000000000004 .98673562052976005 .0000000000000000 .0000000000000000 250000.00000000006
 2.5500000000000003 1.0365198269262272 .0000000000000000 .0000000000000000 250000.00000000009
 2.6000000000000005 1.0840334073653286 .0000000000000000 .0000000000000000 250000.00000000003
 2.6500000000000004 1.1263221975436479 .0000000000000000 .0000000000000000 250000.00000000006
 2.7000000000000006 1.1607568853103245 .0000000000000000 .0000000000000000 250000.00000000006
 2.7500000000000004 1.1851964885617257 .0000000000000000 .0000000000000000 250000.00000000006
 2.8000000000000003 1.1981214711389738 .0000000000000000 .0000000000000000 250000.00000000003
 2.8500000000000005 1.1987282202265523 .0000000000000000 .0000000000000000 250000.00000000009
 2.9000000000000004 1.1869790111049368 .0000000000000000 .0000000000000000 250000.00000000009
 2.9500000000000006 1.1636043526909385 .0000000000000000 .0000000000000000 250000.00000000006
 3.0000000000000004 1.1300575680314231 .0000000000000000 .0000000000000000 250000.00000000003
 3.0500000000000003 1.0884244337153075 .0000000000000000 .0000000000000000 250000.00000000006
 3.1000000000000005 1.0412934963875586 .0000000000000000 .0000000000000000 250000.00000000003
 3.1500000000000004 .99159512945623163 .0000000000000000 .0000000000000000 250000.00000000009
 3.2000000000000006 .94241933666698630 .0000000000000000 .0000000000000000 250000.00000000006
 3.2500000000000004 .89682363063637738 .0000000000000000 .0000000000000000 250000.00000000006
 3.3000000000000003 .85764293152617543 .0000000000000000 .0000000000000000 250000.00000000009
 3.3500000000000005 .82731330543841852 .0000000000000000 .0000000000000000 250000.00000000009
 3.4000000000000004 .80772050162408859 .0000000000000000 .0000000000000000 250000.00000000009
 3.4500000000000006 .80008270572815654 .0000000000000000 .0000000000000000 250000.00000000006
 3.5000000000000004 .80487479890636870 .0000000000000000 .0000000000000000 250000.00000000009
 3.5500000000000003 .82179883201502935 .0000000000000000 .0000000000000000 250000.00000000009
 3.6000000000000005 .84980255064566523 .0000000000000000 .0000000000000000 250000.00000000003
 3.6500000000000004 .88714481920762911 .0000000000000000 .0000000000000000 250000.00000000009
 3.7000000000000006 .93150387630607812 .0000000000000000 .0000000000000000 250000.00000000009
 3.7500000000000004 .98012169062023102 .0000000000000000 .0000000000000000 250000.00000000006
 3.8000000000000007 1.0299754419325913 .0000000000000000 .0000000000000000 250000.00000000006
 3.8500000000000005 1.0779654654492763 .0000000000000000 .0000000000000000 250000.00000000006
 3.9000000000000004 1.1211079739439203 .0000000000000000 .0000000000000000 250000.00000000009
 3.9500000000000006 1.1567205751956717 .0000000000000000 .0000000000000000 250000.00000000009
 4.0000000000000009 1.1825890501455258 .0000000000000000 .0000000000000000 250000.00000000003
 4.0500000000000007 1.1971050223130242 .0000000000000000 .0000000000000000 250000.00000000009
 4.1000000000000005 1.1993659588557597 .0000000000000000 .0000000000000000 250000.00000000006
 4.1500000000000004 1.1892312856901741 .0000000000000000 .0000000000000000 250000.00000000006
 4.2000000000000002 1.1673311277072111 .0000000000000000 .0000000000000000 250000.00000000009
 4.2500000000000009 1.1350271306585595 .0000000000000000 .0000000000000000 250000.00000000000
 4.3000000000000007 1.0943278006188386 .0000000000000000 .0000000000000000 250000.00000000006
 4.3500000000000005 1.0477636248059159 .0000000000000000 .0000000000000000 250000.00000000009
 4.4000000000000004 .99822973814191907 .0000000000000000 .0000000000000000 250000.00000000006
 4.4500000000000002 .94880591778613355 .0000000000000000 .0000000000000000 250000.00000000009
 4.5000000000000009 .90256509750789760 .0000000000000000 .0000000000000000 250000.00000000009
 4.5500000000000007 .86238230754834011 .0000000000000000 .0000000000000000 250000.00000000009
 4.6000000000000005 .83075591916496561 .0000000000000000 .0000000000000000 250000.00000000006
 4.6500000000000004 .80965230800752930 .0000000000000000 .0000000000000000 250000.00000000006
 4.7000000000000002 .80038359440412088 .0000000000000000 .0000000000000000 250000.00000000006
 4.7500000000000009 .80352606207431543 .0000000000000000 .0000000000000000 250000.00000000006
 4.8000000000000007 .81888432759867558 .0000000000000000 .0000000000000000 250000.00000000009
 4.8500000000000005 .84550348841344636 .0000000000000000 .0000000000000000 250000.00000000006
 4.9000000000000004 .88172849402697517 .0000000000000000 .0000000000000000 250000.00000000003
 4.9500000000000002 .92530704904317707 .0000000000000000 .0000000000000000 250000.00000000003
 5.0000000000000009 .91078086403777636 .0000000000000000 .0000000000000000 250000.00000000003
