 -5.0000000000000000 3.8571430000000002 3207.1354177447488 .0000000000000000 3916666.0931709171
 -4.9500000000000002 3.8571486758465983 3207.1366224127255 .0000000000000000 3916670.5387274926
 -4.9000000000000004 3.8571612551892018 3207.1392482927199 .0000000000000000 3916680.3675178261
 -4.8499999999999996 3.8571959535608378 3207.1466502562366 .0000000000000000 3916707.2102583586
 -4.7999999999999998 3.8572762285528106 3207.1645637801007 .0000000000000000 3916768.7231911696
 -4.7500000000000000 3.8573447093113757 3207.1812824379799 .0000000000000000 3916820.7846117793
 -4.7000000000000002 3.8571956568305388 3207.1494868388700 .0000000000000000 3916706.4501315700
 -4.6500000000000004 3.8567384693345770 3207.0447435087276 .0000000000000000 3916356.0117388419
 -4.5999999999999996 3.8564373319556755 3206.9731171789317 .0000000000000000 3916123.1186233368
 -4.5499999999999998 3.8569960705864430 3207.1021343893854 .0000000000000000 3916548.7563064443
 -4.5000000000000000 3.8582058836850557 3207.3830091506720 .0000000000000000 3917480.3793544262
 -4.4500000000000002 3.8586007701841338 3207.4657413190953 .0000000000000000 3917795.1808539741
 -4.4000000000000004 3.8571631558956430 3207.1189420652977 .0000000000000000 3916696.2331949831
 -4.3499999999999996 3.8552468030002736 3206.6881241171436 .0000000000000000 3915206.6791753117
 -4.2999999999999998 3.8554538694866602 3206.7823669230202 .0000000000000000 3915341.6076969835
 -4.2500000000000000 3.8579318279790926 3207.3701546047428 .0000000000000000 3917252.4095202596
 -4.2000000000000002 3.8592403566808664 3207.6021525491751 .0000000000000000 3918298.4370567016
 -4.1500000000000004 3.8567608150090789 3206.9568558421688 .0000000000000000 3916413.5090272250
 -4.0999999999999996 3.8534675033563519 3206.2628605096884 .0000000000000000 3913837.2671524216
 -4.0499999999999998 3.8552151545600983 3206.8209842959413 .0000000000000000 3915118.2348595881
 -4.0000000000000000 3.8620658650254502 3208.3753826120005 .0000000000000000 3920412.9726882456
 -3.9499999999999997 3.8655730367572283 3208.8963540106834 .0000000000000000 3923231.0393520016
 -3.8999999999999999 3.8587092408371797 3207.1861359381378 .0000000000000000 3918000.9825779535
 -3.8500000000000001 3.8473553463767174 3204.9623907483633 .0000000000000000 3909111.5041107032
 -3.7999999999999998 3.8463323099623246 3205.1372874412605 .0000000000000000 3908132.8661341453
 -3.7500000000000000 3.8611005790995336 3208.2028791215448 .0000000000000000 3919587.7635897174
 -3.6999999999999997 3.8768967483589005 3211.0650759177383 .0000000000000000 3932087.2367353821
 -3.6499999999999999 3.8723066120335425 3209.9168784381709 .0000000000000000 3928708.5217597489
 -3.6000000000000001 3.8460364667555900 3204.8507219417716 .0000000000000000 3908100.8651874941
 -3.5499999999999998 3.8248015077458057 3200.8621523615070 .0000000000000000 3891166.3732966273
 -3.5000000000000000 3.8369798990094361 3202.8631673534737 .0000000000000000 3900725.6057023373
 -3.4499999999999997 3.8787849452957239 3210.5386189017563 .0000000000000000 3933920.5909671891
 -3.3999999999999999 3.9121966361621765 3218.0782960286124 .0000000000000000 3959934.6101220599
 -3.3500000000000001 3.8988066715249783 3217.2953109256487 .0000000000000000 3948528.4356000824
 -3.2999999999999998 3.8392528946562732 3204.7607822976847 .0000000000000000 3901823.5296388688
 -3.2500000000000000 3.7824035560811833 3189.8063080166776 .0000000000000000 3858817.1643209774
 -3.1999999999999997 3.7858513580872177 3188.8001131835326 .0000000000000000 3862789.0941655664
 -3.1499999999999999 3.8577570373943990 3206.2114711769327 .0000000000000000 3917885.2417363743
 -3.1000000000000001 3.9474215382640043 3228.3317396887187 .0000000000000000 3985101.9215604495
 -3.0499999999999998 3.9993265558072615 3238.9971855757140 .0000000000000000 4024842.1110188337
 -3.0000000000000000 4.0019213025140576 3235.2965240135873 .0000000000000000 4030020.0675351843
 -2.9499999999999997 3.9779356033056121 3227.2261816762039 .0000000000000000 4014262.4929197505
 -2.8999999999999999 3.9406676012354995 3223.7847643110040 .0000000000000000 3982760.8887119442
 -2.8500000000000001 3.8709491630215855 3216.8479010853989 .0000000000000000 3923080.9903063686
 -2.7999999999999998 3.7508808553342621 3188.7874261619304 .0000000000000000 3829739.5539277592
 -2.7500000000000000 3.6278436887752781 3148.2167561745746 .0000000000000000 3741684.7452657791
 -2.6999999999999997 3.6051345182722043 3136.1708043313151 .0000000000000000 3729393.8905842514
 -2.6499999999999999 3.7255401833604203 3173.0246468385631 .0000000000000000 3817068.3876082641
 -2.5999999999999996 3.9010978563313032 3224.5710522860709 .0000000000000000 3943414.7633342962
 -2.5499999999999998 4.0106153672673246 3246.3833317669487 .0000000000000000 4028977.8602022752
 -2.5000000000000000 4.0308330923283355 3238.2032551478264 .0000000000000000 4055283.7310568811
 -2.4499999999999997 4.0226178552914007 3231.6454560658435 .0000000000000000 4054192.2762217149
 -2.3999999999999999 4.0263663373392085 3241.3394648737781 .0000000000000000 4049837.7135874028
 -2.3499999999999996 4.0255662683817013 3250.6012937285564 .0000000000000000 4040094.5962818647
 -2.2999999999999998 3.9966428679508406 3241.3247557329992 .0000000000000000 4019232.0866789911
 -2.2500000000000000 3.9501705782782834 3220.3491351559965 .0000000000000000 3993006.8632575185
 -2.1999999999999997 3.9147038723394911 3209.1377961489879 .0000000000000000 3970360.4443971519
 -2.1499999999999999 3.8989632351638606 3214.7460885283754 .0000000000000000 3951364.3377363025
 -2.0999999999999996 3.8841301430732762 3221.5197747321695 .0000000000000000 3928990.2488675471
 -2.0499999999999998 3.8524567816393684 3213.6353841749460 .0000000000000000 3902167.9417980933
 -1.9999999999999998 3.8108538734387039 3195.7147657294145 .0000000000000000 3880020.7443046086
 -1.9499999999999997 3.7759295334183607 3181.5804814550288 .0000000000000000 3865503.6440890166
 -1.8999999999999999 3.7450698146719517 3172.3142860313310 .0000000000000000 3842755.7647016076
 -1.8499999999999999 3.7027234824410336 3163.0072702758825 .0000000000000000 3797655.1273684991
 -1.7999999999999998 3.6541538656876109 3161.8363381552922 .0000000000000000 3746984.8104053084
 -1.7499999999999998 3.6283534805373612 3174.7609603217502 .0000000000000000 3726748.3192407023
 -1.6999999999999997 3.6430745643383911 3180.1533968154849 .0000000000000000 3751588.3385252315
 -1.6499999999999999 3.6943234352860488 3159.1719976736213 .0000000000000000 3805707.0916127576
 -1.5999999999999999 3.7836587951979701 3145.1121378399198 .0000000000000000 3875586.0502922721
 -1.5499999999999998 3.9146625563878974 3189.1094113189120 .0000000000000000 3963083.6233746181
 -1.4999999999999998 4.0479533948240025 3273.4494365846926 .0000000000000000 4050785.5279451632
 -1.4499999999999997 4.1058191486943620 3314.1099376443563 .0000000000000000 4090105.1059675054
 -1.3999999999999999 4.0542021826882451 3265.7364003133421 .0000000000000000 4057926.3711828673
 -1.3499999999999999 3.9540639448444361 3183.1804775833207 .0000000000000000 3999452.2048694370
 -1.2999999999999998 3.9023307543099710 3156.3644949322284 .0000000000000000 3979442.7010727944
 -1.2499999999999998 3.9326875090825641 3207.9457869506841 .0000000000000000 4004206.1642316519
 -1.1999999999999997 3.9919779751854638 3278.4388839146227 .0000000000000000 4021812.8100817371
 -1.1499999999999997 4.0038629449266052 3299.0406969718715 .0000000000000000 3992833.0179161136
 -1.0999999999999999 3.9378147104199415 3254.6228665859139 .0000000000000000 3931414.1052701091
 -1.0499999999999998 3.8239994116065170 3181.3867150534247 .0000000000000000 3877505.8876511930
 -.99999999999999978 3.7227749638416570 3128.1601709605029 .0000000000000000 3853510.1964107240
 -.94999999999999973 3.6787923199642409 3120.4438566722451 .0000000000000000 3848241.0568962451
 -.89999999999999980 3.6883757534487618 3145.2876064789675 .0000000000000000 3829625.5348535404
 -.84999999999999976 3.7138103822906574 3175.0424300616669 .0000000000000000 3782699.5880636144
 -.79999999999999982 3.7335607144304381 3208.4423114037309 .0000000000000000 3742366.0159950191
 -.74999999999999978 3.7526174049306569 3255.9910859192223 .0000000000000000 3761222.2399552711
 -.69999999999999973 3.7544094851593948 3276.0092495486570 .0000000000000000 3826656.8828114197
 -.64999999999999980 3.6999473402783738 3193.6977813506637 .0000000000000000 3852180.8283025329
 -.59999999999999976 3.6189093031618462 3033.5592280268893 .0000000000000000 3802680.1987863886
 -.54999999999999971 3.6410861814338098 2962.1214922298750 .0000000000000000 3785975.2251713560
 -.49999999999999978 3.8557720135526674 3108.6315800220591 .0000000000000000 3921459.7543248129
 -.44999999999999973 4.1640412655110408 3377.7162727857976 .0000000000000000 4139596.5136572518
 -.39999999999999974 4.3457075072112206 3529.7334745326871 .0000000000000000 4236758.4483382795
 -.34999999999999976 4.2758520004319145 3440.9816286731675 .0000000000000000 4131313.2481715665
 -.29999999999999971 4.0318719748324439 3216.7499075881919 .0000000000000000 3957621.4619914326
 -.24999999999999972 3.7934246846916584 3048.6285541788193 .0000000000000000 3892099.7211721432
 -.19999999999999973 3.6820305200850889 3022.1201414718284 .0000000000000000 3953084.5922317971
 -.14999999999999974 3.7054692974044552 3086.2549712017953 .0000000000000000 4007933.5028922204
 -.99999999999999728E-001 3.8138931293937683 3169.8846560132770 .0000000000000000 3964270.4411658403
 -.49999999999999725E-001 3.9593417293891457 3267.2213191088695 .0000000000000000 3886839.1136994823
 .27755575615628914E-015 4.0897057937441312 3389.2249104726152 .0000000000000000 3885304.9827805399
 .50000000000000280E-001 4.1262895513319124 3481.8608034995182 .0000000000000000 3959969.6080647474
 .10000000000000028 3.9977140728340914 3445.7007922727257 .0000000000000000 4003571.2111680913
 .15000000000000030 3.7087074153196844 3230.7339218642442 .0000000000000000 3900930.4380555269
 .20000000000000029 3.3723472094319078 2911.9305095322597 .0000000000000000 3643530.9856865415
 .25000000000000028 3.1734541252204469 2690.8395692980198 .0000000000000000 3411395.6478105118
 .30000000000000027 3.2612849596115607 2766.7446794432663 .0000000000000000 3457680.0860125534
 .35000000000000031 3.6162702386801686 3121.2991429236959 .0000000000000000 3798236.7854408608
 .40000000000000030 4.0271842426176576 3475.4497550832293 .0000000000000000 4120233.8220480923
 .45000000000000029 4.2614734971955839 3565.6563307356778 .0000000000000000 4144818.7507186206
 .50000000000000033 4.2635619665383571 3423.6567795753549 .0000000000000000 3974689.2234041430
 .55000000000000027 4.1450199620187913 3278.8915724178360 .0000000000000000 3923646.5578484237
 .60000000000000031 4.0144876001590966 3242.5745795974021 .0000000000000000 4085069.0916360896
 .65000000000000036 3.8995869402679890 3221.3502339643560 .0000000000000000 4223612.1194924423
 .70000000000000029 3.8263650561981613 3132.6356696824073 .0000000000000000 4114416.1834393106
 .75000000000000033 3.8737198522638514 3080.5003244277354 .0000000000000000 3884153.7382576023
 .80000000000000027 4.0764078364206968 3222.5034057022795 .0000000000000000 3850713.3874686961
 .85000000000000031 4.3039569618154498 3499.3884121305691 .0000000000000000 4069490.7148162969
 .90000000000000036 4.3259962562003134 3632.9253344179706 .0000000000000000 4256956.4167377800
 .95000000000000029 4.0367233110380161 3426.6393620778331 .0000000000000000 4142258.0543075935
 1.0000000000000004 3.5852629977133423 2994.4599717729116 .0000000000000000 3762546.8474077298
 1.0500000000000003 3.2676980965063356 2676.1736811149294 .0000000000000000 3440660.6290753442
 1.1000000000000003 3.2823895065647530 2734.0374621885285 .0000000000000000 3476147.5431484925
 1.1500000000000004 3.5569917333103787 3093.5630317494220 .0000000000000000 3806480.1639099317
 1.2000000000000004 3.8170339550033576 3398.4232125917442 .0000000000000000 4040242.4422541684
 1.2500000000000004 3.8669146156219849 3387.8437835277850 .0000000000000000 3908344.8272068556
 1.3000000000000003 3.7855803544770312 3187.9870188226159 .0000000000000000 3606459.5765817747
 1.3500000000000003 3.7813424126035002 3128.7434270749486 .0000000000000000 3570208.6119218497
 1.4000000000000004 3.8799169553670012 3288.2438307195680 .0000000000000000 3922583.6955039171
 1.4500000000000004 3.8755965596067332 3362.8761577872406 .0000000000000000 4250271.4680047706
 1.5000000000000004 3.6509360783229106 3086.5311872830571 .0000000000000000 4074521.6350182286
 1.5500000000000003 3.4494067177053291 2699.0037590017146 .0000000000000000 3572116.7936573327
 1.6000000000000003 3.6541579116270611 2757.8584738074833 .0000000000000000 3476520.7008972368
 1.6500000000000004 4.2501963267065648 3375.7719181242296 .0000000000000000 4055371.3230351731
 1.7000000000000004 4.6973389315470522 3924.7772995137575 .0000000000000000 4648032.4861337105
 1.7500000000000004 4.5061936515289629 3752.7991766711257 .0000000000000000 4502231.8574343566
 1.8000000000000003 3.8337705220190905 3002.4672745982907 .0000000000000000 3735367.8086867854
 1.8500000000000003 3.3365471332534895 2479.0437130635037 .0000000000000000 3231348.3660421041
 1.9000000000000004 3.4466220001823662 2736.2745402069113 .0000000000000000 3608000.7890599128
 1.9500000000000004 3.9023500265328792 3411.0547596219562 .0000000000000000 4385034.8123971699
 2.0000000000000004 4.0824267693289196 3636.3888971999199 .0000000000000000 4491281.3196359761
 2.0500000000000003 3.7711226431189031 3136.1265920802639 .0000000000000000 3679458.3975090785
 2.1000000000000005 3.3958554497792499 2570.9302015906101 .0000000000000000 2876095.1782537322
 2.1500000000000004 3.4434836199755594 2680.1018543972077 .0000000000000000 2998501.4043327561
 2.2000000000000002 3.8467504606489018 3394.3122686731826 .0000000000000000 3960318.0650507421
 2.2500000000000004 4.0501046403920435 3878.0525992945973 .0000000000000000 4744097.8643919919
 2.3000000000000003 3.5955672275526056 3369.3770530443271 .0000000000000000 4283889.2452426059
 2.3500000000000005 2.6103667407138040 2040.5042486540369 .0000000000000000 2666223.0466464078
 2.4000000000000004 1.6676380893230685 799.81132040323234 .0000000000000000 1108168.6032807061
 2.4500000000000006 1.1644725263519538 192.93704781528012 .0000000000000000 406643.51859837165
 2.5000000000000004 1.0330759078610676 32.752963695553404 .0000000000000000 274342.23295124609
 2.5500000000000003 1.0435519467207783 3.2418903411094964 .0000000000000000 254846.02505456976
 2.6000000000000005 1.0830453613962989 -1.6279723151166692 .0000000000000000 247170.65703011706
 2.6500000000000004 1.1258422644997541 -.72341428777356595E-001 .0000000000000000 250262.96694360435
 2.7000000000000006 1.1609656645754076 .12993220013348916 .0000000000000000 250234.65292762275
 2.7500000000000004 1.1851416537008008 -.58662547764003099E-001 .0000000000000000 249827.22426183813
 2.8000000000000003 1.1981228580096877 .27702340201378656E-001 .0000000000000000 250089.07785220793
 2.8500000000000005 1.1987550479070834 .79703041336186744E-002 .0000000000000000 249986.09688096959
 2.9000000000000004 1.1869665631543882 -.97513122632763224E-002 .0000000000000000 249991.89936633510
 2.9500000000000006 1.1636030475132122 .36299573096232989E-002 .0000000000000000 250008.32047723670
 3.0000000000000004 1.1300569140445391 -.18895141194219295E-003 .0000000000000000 249996.51573285440
 3.0500000000000003 1.0884198309748350 -.13037312465383540E-002 .0000000000000000 250001.08002948700
 3.1000000000000005 1.0412915317790368 .47937173149040387E-003 .0000000000000000 250000.63239316811
 3.1500000000000004 .99159528231656580 -.12810996768324975E-003 .0000000000000000 249999.89201515986
 3.2000000000000006 .94242087248215167 .96885709959027160E-004 .0000000000000000 250000.27303865677
 3.2500000000000004 .89682544542199782 .29299227889605751E-003 .0000000000000000 249999.94746912524
 3.3000000000000003 .85764414094708774 .19354732196998325E-003 .0000000000000000 249999.93400004119
 3.3500000000000005 .82731506827734103 .18964556038793354E-003 .0000000000000000 249999.99575912309
 3.4000000000000004 .80772447800462222 .88939476158698242E-004 .0000000000000000 250000.05119595965
 3.4500000000000006 .80008882086091571 -.62738379231662005E-004 .0000000000000000 250000.12831154602
 3.5000000000000004 .80488077054278695 -.16652244057048158E-003 .0000000000000000 250000.15695617156
 3.5500000000000003 .82180207634345848 -.17031903313818322E-003 .0000000000000000 250000.13364424859
 3.6000000000000005 .84980300070064463 -.10041776825176693E-003 .0000000000000000 250000.07165911415
 3.6500000000000004 .88714555972268527 -.54944886874874918E-004 .0000000000000000 250000.01037652523
 3.7000000000000006 .93150754607092923 -.75524882635509918E-004 .0000000000000000 249999.98930598388
 3.7500000000000004 .98012544622516229 -.12934306144644979E-003 .0000000000000000 250000.00936593075
 3.8000000000000007 1.0299723236575145 -.17200407330896097E-003 .0000000000000000 250000.04122674468
 3.8500000000000005 1.0779547518624715 -.17831094748966479E-003 .0000000000000000 250000.04999258011
 3.9000000000000004 1.1211014031417514 -.14634665046449338E-003 .0000000000000000 250000.01828940780
 3.9500000000000006 1.1567288526231851 -.10260230205317127E-003 .0000000000000000 249999.96520609473
 4.0000000000000009 1.1826007219296415 -.84753979481019424E-004 .0000000000000000 249999.93293773007
 4.0500000000000007 1.1970942846895742 -.10099292505317821E-003 .0000000000000000 249999.93971985774
 4.1000000000000005 1.1993345760752236 -.11931439771820989E-003 .0000000000000000 249999.96042501269
 4.1500000000000004 1.1892253408031577 -.10339621153893177E-003 .0000000000000000 249999.96752375079
 4.2000000000000002 1.1673812388765339 -.49717997288916825E-004 .0000000000000000 249999.97013101113
 4.2500000000000009 1.1350750444772948 .12814304444800390E-004 .0000000000000000 249999.99013277117
 4.3000000000000007 1.0942725065112471 .59627730284291769E-004 .0000000000000000 250000.02298849355
 4.3500000000000005 1.0476233879932533 .10075950279007515E-003 .0000000000000000 250000.04888885425
 4.4000000000000004 .99819655151438358 .15273330884108595E-003 .0000000000000000 250000.05801769526
 4.4500000000000002 .94901856299006537 .19406141276213129E-003 .0000000000000000 250000.05133577911
 4.5000000000000009 .90282141653740855 .20065878843934242E-003 .0000000000000000 250000.04374788541
 4.5500000000000007 .86226017744652783 .19685591911185172E-003 .0000000000000000 250000.04851419982
 4.6000000000000005 .83020319185606384 .19501348703837852E-003 .0000000000000000 250000.04851513449
 4.6500000000000004 .80934760912577586 .14352341144967880E-003 .0000000000000000 250000.03166437708
 4.7000000000000002 .80107391432924435 .27832970522405745E-004 .0000000000000000 250000.01834574415
 4.7500000000000009 .80454520305594945 -.61869852426950180E-004 .0000000000000000 250000.02205856543
 4.8000000000000007 .81713424085694564 -.57727650387607579E-004 .0000000000000000 250000.02614932146
 4.8500000000000005 .83591075778983492 -.10147267800095508E-004 .0000000000000000 250000.01158751908
 4.9000000000000004 .85872283476472022 .15652688185987206E-004 .0000000000000000 249999.99537470358
 4.9500000000000002 .88412255686129804 .14780313485791603E-004 .0000000000000000 249999.99335012084
 5.0000000000000009 .91078086403777636 .14640971413260066E-009 .0000000000000000 250000.00000000003
